Dataset 	CL_b 	CL_b_up 	CL_b_do 	CL_s+b 	CL_s+b_up 	CL_s+b_do	  \\ 
254600	0.251287	0.251424	0.251157	0.211729	0.209475	0.214014
254601	0.656287	0.655453	0.657184	0.266128	0.244253	0.289257
254602	0.483412	0.482366	0.484806	0.150874	0.134637	0.168788
254603	0.518701	0.521	0.51645	0.12446	0.111462	0.13901
254604	0.666569	0.664817	0.668496	0.0999311	0.0839196	0.118703
254605	0.730297	0.728199	0.732509	0.00575077	0.00410756	0.00809589
254606	0.627317	0.62502	0.629661	0.142346	0.123874	0.163273
254607	0.684871	0.682473	0.687287	0.024655	0.0183447	0.0330367
254608	0.670184	0.667417	0.672997	0.000520318	0.00032676	0.000839013
254609	0.71322	0.713545	0.712943	0.0220593	0.0174261	0.0280006
254610	0.806965	0.807273	0.806648	0.382005	0.356908	0.408205
254611	0.817203	0.816309	0.818109	0.00927184	0.00609748	0.0140697
254612	0.777536	0.777272	0.777908	0.0857786	0.0720667	0.10216
254613	0.799517	0.798102	0.800739	0.258207	0.226343	0.292628
254614	0.648591	0.647552	0.649847	0.13574	0.118667	0.155049
254615	0.654767	0.653983	0.655585	0.00544017	0.00383841	0.00774539
254617	0.733818	0.73122	0.736476	0.0100808	0.00689489	0.0147064
254618	0.544894	0.543763	0.546185	0.094832	0.0821401	0.109392
254619	0.652129	0.650662	0.653581	0.0130356	0.010086	0.0169666
254620	0.6318	0.633216	0.630253	0.12827	0.112819	0.145425
254621	0.64286	0.652763	0.632741	0.5	0.5	0.5
254622	0.674582	0.67483	0.674431	0.0763546	0.063499	0.0916537
254623	0.717573	0.715356	0.719942	0.202399	0.181253	0.225587
254625	0.707332	0.705407	0.709205	0.010255	0.00708966	0.0148158
254626	0.668024	0.668206	0.667841	0.172532	0.153145	0.193987
254627	0.676536	0.678045	0.674821	0.429194	0.413339	0.445047
254628	0.677505	0.676452	0.678573	0.00888589	0.00643847	0.0123119
254629	0.752905	0.755073	0.750713	0.167398	0.147536	0.189504
254630	0.519763	0.520143	0.519438	0.0207191	0.0163232	0.0262674
254631	0.629843	0.629698	0.629915	0.026422	0.0203317	0.0342199
254632	0.512846	0.513239	0.512629	0.348946	0.340485	0.357694
254633	0.732779	0.7302	0.735279	0.197757	0.175461	0.222446
254634	0.720208	0.719247	0.721087	0.0292844	0.0223064	0.0383723
254635	0.718721	0.717235	0.720109	0.293667	0.268143	0.320708
254636	0.447314	0.447324	0.447343	0.335081	0.327848	0.342442
254637	0.766125	0.764002	0.768325	0.0186833	0.0134087	0.0259633
254638	0.676965	0.676551	0.677583	0.0025183	0.0016547	0.0038496
254639	0.496815	0.496192	0.497244	0.258976	0.243335	0.275107
254641	0.657404	0.656972	0.65796	0.201076	0.179305	0.22483
254643	0.519355	0.518111	0.520795	0.325214	0.311353	0.339564
254644	0.651325	0.65018	0.652489	0.304481	0.284188	0.325762
254645	0.597595	0.595335	0.599849	0.0115823	0.00824441	0.0162336
254646	0.759521	0.755276	0.763889	0.00190254	0.00121085	0.00300557
254647	0.61585	0.613802	0.617221	0.0431737	0.0347915	0.0535374
254648	0.572323	0.57182	0.572798	0.28138	0.262355	0.301273
254649	0.623027	0.624491	0.621292	0.250678	0.232052	0.270252
254650	0.833151	0.832025	0.834201	0.140051	0.119167	0.164068
254651	0.582133	0.581192	0.582707	0.135679	0.119804	0.153298
254652	0.644366	0.644822	0.643868	0.0316142	0.0249745	0.0399556
254653	0.679438	0.678619	0.680568	0.356532	0.337511	0.376565
254654	0.800306	0.798696	0.802131	0.226914	0.1985	0.258462
254655	0.813947	0.813167	0.814821	0.0438716	0.0338734	0.0566569
254656	0.554889	0.554084	0.55597	0.0757846	0.0638866	0.0896253
254657	0.586624	0.587042	0.586125	0.0198316	0.0151838	0.0259169
254658	0.744787	0.759444	0.729558	0.5	0.5	0.5
254659	0.451742	0.452009	0.451126	0.313473	0.306108	0.320644
254660	0.649141	0.645377	0.652955	0.23702	0.218479	0.257078
254661	0.807999	0.807753	0.808406	0.372003	0.346794	0.399054
254662	0.700417	0.700122	0.700775	0.355067	0.334455	0.37646
254663	0.735748	0.733752	0.737653	0.00593067	0.00402539	0.00872769
254665	0.670319	0.669829	0.670849	0.0290425	0.0228209	0.0369704
254666	0.814259	0.813243	0.815316	0.109593	0.0910957	0.131372
254667	0.648111	0.647142	0.649103	0.0194444	0.014539	0.0259628
254669	0.80477	0.803992	0.805611	0.0481656	0.0389281	0.0597059
254670	0.705395	0.703476	0.707335	0.147672	0.12984	0.167631
254671	0.676754	0.678352	0.675168	0.0350269	0.0278666	0.0440158
254672	0.725572	0.724566	0.726587	0.0842826	0.0695271	0.101857
254673	0.848734	0.848554	0.848865	0.113525	0.0967529	0.133043
254674	0.475132	0.473626	0.476422	0.180721	0.168583	0.193561
254675	0.552919	0.555969	0.549862	0.5	0.5	0.5
254677	0.555243	0.558749	0.551648	0.5	0.5	0.5
254678	0.582634	0.583518	0.581581	0.310811	0.296659	0.325187
254679	0.528254	0.530372	0.526132	0.5	0.5	0.5
254680	0.561763	0.565733	0.557782	0.5	0.5	0.5
254681	0.561803	0.565637	0.557971	0.5	0.5	0.5
254682	0.580654	0.586044	0.575235	0.5	0.5	0.5
254683	0.545681	0.548614	0.542706	0.5	0.5	0.5
254684	0.732719	0.732062	0.733295	0.412877	0.391584	0.434436
254685	0.573921	0.578705	0.569026	0.5	0.5	0.5
254686	0.58653	0.591646	0.581389	0.5	0.5	0.5
254687	0.559254	0.562996	0.5555	0.5	0.5	0.5
254688	0.493949	0.494808	0.492962	0.350638	0.342822	0.358455
254690	0.363622	0.365698	0.361842	0.307939	0.306053	0.310111
254691	0.625123	0.632698	0.617462	0.5	0.5	0.5
254693	0.581756	0.581829	0.581661	0.474005	0.467161	0.480854
254694	0.524241	0.526766	0.522384	0.48	0.479698	0.48096
254695	0.569557	0.574259	0.564825	0.5	0.5	0.5
254696	0.679186	0.678955	0.67946	0.457631	0.444056	0.471366
254697	0.540731	0.543348	0.538099	0.5	0.5	0.5
254698	0.551752	0.554986	0.548512	0.5	0.5	0.5
254699	0.560132	0.563816	0.556433	0.5	0.5	0.5
254700	0.549991	0.553152	0.546833	0.5	0.5	0.5
254701	0.666867	0.676267	0.657309	0.5	0.5	0.5
254702	0.552624	0.555924	0.549314	0.5	0.5	0.5
254703	0.582027	0.587225	0.576801	0.5	0.5	0.5
254704	0.522296	0.523871	0.520716	0.5	0.5	0.5
254705	0.532198	0.534236	0.530156	0.5	0.5	0.5
254706	0.535013	0.53639	0.534892	0.474553	0.472016	0.478354
254707	0.554722	0.55835	0.551114	0.5	0.5	0.5
254708	0.622607	0.630211	0.614912	0.5	0.5	0.5
254709	0.590166	0.595819	0.584478	0.5	0.5	0.5
254710	0.667178	0.677004	0.657083	0.5	0.5	0.5
254711	0.578684	0.583759	0.573581	0.5	0.5	0.5
254712	0.591694	0.597179	0.58618	0.5	0.5	0.5
254714	0.580673	0.585736	0.575581	0.5	0.5	0.5
254716	0.647974	0.65748	0.638309	0.5	0.5	0.5
254717	0.544683	0.547387	0.541973	0.5	0.5	0.5
254718	0.513335	0.51415	0.512318	0.5	0.5	0.5
254719	0.469826	0.470143	0.469902	0.452476	0.451671	0.453669
254720	0.461439	0.461607	0.461304	0.437733	0.436232	0.439268
254721	0.585985	0.591079	0.580698	0.5	0.5	0.5
254722	0.578094	0.583106	0.573053	0.5	0.5	0.5
254723	0.571392	0.575851	0.566913	0.5	0.5	0.5
254724	0.555178	0.558441	0.551905	0.5	0.5	0.5
254725	0.600267	0.606722	0.593765	0.5	0.5	0.5
254726	0.536058	0.534459	0.536158	0.470096	0.464496	0.474204
254727	0.573572	0.578086	0.56904	0.5	0.5	0.5
254729	0.474545	0.474315	0.473639	0.430746	0.427785	0.432594
254731	0.521445	0.522999	0.51989	0.5	0.5	0.5
254733	0.593374	0.599214	0.587579	0.5	0.5	0.5
254734	0.564384	0.568473	0.560272	0.5	0.5	0.5
254735	0.462302	0.462575	0.462177	0.164492	0.15142	0.178611
254736	0.548386	0.551572	0.545195	0.5	0.5	0.5
254738	0.554808	0.55826	0.551348	0.5	0.5	0.5
254739	0.551341	0.552448	0.55027	0.497438	0.494861	0.5
254740	0.525269	0.526903	0.523628	0.5	0.5	0.5
254742	0.553268	0.556861	0.549662	0.5	0.5	0.5
254743	0.506785	0.505276	0.508594	0.419376	0.412073	0.427015
254744	0.470554	0.470391	0.471646	0.439799	0.437733	0.442789
254748	0.581548	0.586685	0.576385	0.5	0.5	0.5
254752	0.569047	0.573344	0.564731	0.5	0.5	0.5
254754	0.721592	0.71894	0.724409	0.0808468	0.0666924	0.0978572
254755	0.547692	0.550798	0.544578	0.5	0.5	0.5
254756	0.570489	0.574888	0.566077	0.5	0.5	0.5
254757	0.52429	0.526289	0.521847	0.42895	0.424351	0.433146
254758	0.575617	0.580405	0.570809	0.5	0.5	0.5
254759	0.662601	0.673239	0.651774	0.5	0.5	0.5
254760	0.52687	0.528537	0.525201	0.5	0.5	0.5
254761	0.751881	0.750077	0.753807	0.0493678	0.0385921	0.0628545
254762	0.406514	0.406637	0.406432	0.328362	0.323548	0.333263
254763	0.522881	0.524938	0.522667	0.496027	0.49642	0.497483
254764	0.444339	0.444908	0.443779	0.317448	0.310132	0.324888
254765	0.537163	0.539605	0.53472	0.5	0.5	0.5
254766	0.53862	0.541087	0.536148	0.5	0.5	0.5
254767	0.530805	0.53301	0.528594	0.5	0.5	0.5
254768	0.567525	0.571825	0.563208	0.5	0.5	0.5
254769	0.544468	0.547349	0.541583	0.5	0.5	0.5
254772	0.492718	0.493257	0.492132	0.424632	0.420872	0.428367
254773	0.494024	0.494291	0.493895	0.427003	0.422768	0.431386
254774	0.486826	0.484475	0.488432	0.445638	0.440552	0.449997
254780	0.562756	0.566713	0.558784	0.5	0.5	0.5
254786	0.562577	0.566366	0.558734	0.5	0.5	0.5
254789	0.529236	0.531028	0.527443	0.5	0.5	0.5
254791	0.551666	0.554777	0.548547	0.5	0.5	0.5
254792	0.604095	0.610653	0.597486	0.5	0.5	0.5
254794	0.564776	0.569029	0.560508	0.5	0.5	0.5
254796	0.623826	0.631522	0.615984	0.5	0.5	0.5
254797	0.64171	0.641263	0.64203	0.331178	0.312166	0.350816
254798	0.567769	0.572257	0.563265	0.5	0.5	0.5
254800	0.558743	0.562551	0.554918	0.5	0.5	0.5
254803	0.558499	0.562427	0.554561	0.5	0.5	0.5
254804	0.594271	0.600389	0.588114	0.5	0.5	0.5
254805	0.53016	0.532217	0.528101	0.5	0.5	0.5
254808	0.565636	0.569683	0.561575	0.5	0.5	0.5
254811	0.564943	0.569116	0.560762	0.5	0.5	0.5
254815	0.595952	0.601938	0.589929	0.5	0.5	0.5
254817	0.266299	0.266409	0.266193	0.241058	0.239675	0.242453
254822	0.556255	0.559808	0.552701	0.5	0.5	0.5
254823	0.550277	0.553533	0.547014	0.5	0.5	0.5
254824	0.598219	0.604597	0.591796	0.5	0.5	0.5
254828	0.506424	0.504575	0.507578	0.470539	0.466209	0.474181
254829	0.590495	0.596064	0.584437	0.5	0.499514	0.5
254832	0.538001	0.537979	0.537382	0.480245	0.476666	0.483244
254833	0.527629	0.529594	0.525666	0.5	0.5	0.5
254834	0.564774	0.568951	0.560582	0.5	0.5	0.5
254837	0.564962	0.568921	0.560987	0.5	0.5	0.5
254839	0.544543	0.547177	0.541903	0.5	0.5	0.5
254841	0.345497	0.345919	0.34511	0.284584	0.280718	0.288526
254842	0.541491	0.544189	0.538787	0.5	0.5	0.5
254844	0.575909	0.574016	0.577823	0.154427	0.139968	0.170298
254845	0.564594	0.568565	0.560608	0.5	0.5	0.5
254846	0.536321	0.538695	0.533943	0.5	0.5	0.5
254847	0.585562	0.590953	0.580226	0.5	0.5	0.5
254849	0.205446	0.20555	0.205353	0.190915	0.189987	0.191858
254850	0.527983	0.529788	0.526177	0.5	0.5	0.5
254851	0.538573	0.541191	0.53595	0.5	0.5	0.5
254855	0.558458	0.562074	0.554832	0.5	0.5	0.5
254856	0.599343	0.604986	0.593682	0.5	0.5	0.5
254857	0.56486	0.569026	0.56068	0.5	0.5	0.5
254858	0.590121	0.596081	0.584122	0.5	0.5	0.5
254859	0.571059	0.57535	0.566665	0.5	0.5	0.5
254860	0.583876	0.589373	0.578347	0.5	0.5	0.5
254861	0.556814	0.556548	0.557238	0.474329	0.468834	0.480004
254862	0.573557	0.578088	0.569008	0.5	0.5	0.5
254863	0.553092	0.556464	0.549711	0.5	0.5	0.5
254864	0.556458	0.560052	0.552857	0.5	0.5	0.5
254865	0.56639	0.570446	0.56232	0.5	0.5	0.5
254866	0.568071	0.572311	0.563816	0.5	0.5	0.5
254867	0.593469	0.599394	0.587505	0.5	0.5	0.5
254869	0.50879	0.50947	0.508109	0.5	0.5	0.5
254870	0.565066	0.569286	0.560831	0.5	0.5	0.5
254871	0.557145	0.560936	0.553344	0.5	0.5	0.5
254872	0.55959	0.560246	0.558866	0.483191	0.47857	0.487757
254873	0.579536	0.584074	0.574968	0.5	0.5	0.5
254874	0.591168	0.596872	0.585422	0.5	0.5	0.5
254875	0.563363	0.567721	0.558988	0.5	0.5	0.5
254876	0.554372	0.557717	0.551018	0.5	0.5	0.5
254877	0.775034	0.773893	0.776383	0.413537	0.391004	0.437176
254879	0.553833	0.557183	0.550472	0.5	0.5	0.5
254881	0.573186	0.578117	0.568228	0.5	0.5	0.5
254882	0.542553	0.545237	0.539863	0.5	0.5	0.5
254883	0.576378	0.581692	0.571033	0.5	0.5	0.5
254884	0.613022	0.612774	0.613533	0.33982	0.324512	0.355754
254885	0.550683	0.553947	0.54741	0.5	0.5	0.5
254886	0.536171	0.538537	0.533801	0.5	0.5	0.5
254887	0.533123	0.533466	0.531972	0.424322	0.418105	0.429777
254888	0.566797	0.571042	0.562533	0.5	0.5	0.5
254889	0.523448	0.525012	0.521883	0.5	0.5	0.5
254890	0.589974	0.589043	0.590535	0.445777	0.435342	0.455942
254891	0.534859	0.532969	0.534699	0.483928	0.479054	0.486741
254892	0.57566	0.580064	0.571235	0.5	0.5	0.5
254893	0.547033	0.55002	0.544038	0.5	0.5	0.5
254894	0.553317	0.556626	0.549994	0.5	0.5	0.5
254895	0.547712	0.550677	0.544743	0.5	0.5	0.5
254896	0.706654	0.718316	0.694694	0.5	0.5	0.5
254897	0.570185	0.574641	0.565714	0.5	0.5	0.5
254898	0.57584	0.580517	0.571142	0.5	0.5	0.5
254899	0.553048	0.556367	0.549724	0.5	0.5	0.5
254900	0.535314	0.537457	0.533196	0.5	0.5	0.5
254901	0.538928	0.541487	0.536368	0.5	0.5	0.5
254902	0.512929	0.512642	0.51404	0.459822	0.456013	0.464441
254903	0.570583	0.575183	0.565964	0.5	0.5	0.5
254905	0.53766	0.540212	0.535128	0.5	0.5	0.5
254906	0.573899	0.578464	0.569203	0.5	0.5	0.5
254907	0.534269	0.536517	0.532022	0.5	0.5	0.5
254908	0.595963	0.601993	0.589892	0.5	0.5	0.5
254909	0.559916	0.563652	0.556167	0.5	0.5	0.5
254910	0.72602	0.738869	0.712468	0.5	0.5	0.5
254911	0.569536	0.57404	0.565016	0.5	0.5	0.5
254912	0.586058	0.591574	0.580511	0.5	0.5	0.5
254913	0.547932	0.550993	0.544827	0.5	0.5	0.5
254914	0.548192	0.551276	0.545102	0.5	0.5	0.5
254915	0.494294	0.492008	0.494994	0.460852	0.456195	0.463933
254916	0.579758	0.58473	0.574763	0.5	0.5	0.5
254917	0.577298	0.582376	0.572191	0.5	0.5	0.5
254918	0.55895	0.562636	0.555254	0.5	0.5	0.5
254919	0.567217	0.571703	0.562711	0.5	0.5	0.5
254920	0.474844	0.477229	0.475224	0.449307	0.449989	0.451373
254921	0.570879	0.575362	0.566377	0.5	0.5	0.5
254923	0.571204	0.575638	0.566759	0.5	0.5	0.5
254925	0.54033	0.542842	0.537816	0.5	0.5	0.5
254926	0.565669	0.569794	0.561522	0.5	0.5	0.5
254927	0.659325	0.669064	0.649421	0.5	0.5	0.5
254928	0.532768	0.534744	0.53079	0.5	0.5	0.5
254930	0.576091	0.580972	0.571186	0.5	0.5	0.5
254931	0.560297	0.564229	0.556359	0.5	0.5	0.5
254932	0.586237	0.591506	0.580938	0.5	0.5	0.5
254933	0.577055	0.581873	0.572215	0.5	0.5	0.5
254934	0.562233	0.566187	0.558265	0.5	0.5	0.5
254935	0.570946	0.575282	0.566589	0.5	0.5	0.5
254936	0.543558	0.546095	0.541018	0.5	0.5	0.5
254937	0.576025	0.580901	0.571181	0.5	0.5	0.5
254938	0.551993	0.555032	0.548947	0.5	0.5	0.5
254939	0.610058	0.615691	0.604077	0.5	0.5	0.5
254940	0.532218	0.534186	0.530247	0.5	0.5	0.5
254941	0.539462	0.54183	0.53709	0.5	0.5	0.5
254942	0.368277	0.369401	0.368108	0.148681	0.141282	0.157253
254943	0.671913	0.669203	0.674772	0.00429075	0.00280526	0.0065397
254944	0.587897	0.58909	0.586533	0.0750511	0.0636645	0.0883211
254946	0.520931	0.52258	0.519281	0.5	0.5	0.5
254947	0.256683	0.256865	0.256492	0.235982	0.234584	0.23738
254948	0.546125	0.549163	0.543083	0.5	0.5	0.5
254949	0.514269	0.515291	0.513159	0.5	0.5	0.5
254950	0.540325	0.542891	0.537758	0.5	0.5	0.5
254951	0.586916	0.592164	0.58164	0.5	0.5	0.5
254952	0.577096	0.58216	0.572007	0.5	0.5	0.5
254954	0.548011	0.550978	0.54504	0.5	0.5	0.5
254955	0.569568	0.573985	0.565151	0.5	0.5	0.5
254956	0.582488	0.587546	0.577406	0.5	0.5	0.5
254957	0.545514	0.548429	0.542628	0.5	0.5	0.5
254959	0.360411	0.361031	0.359715	0.290188	0.28662	0.293733
254960	0.545868	0.546537	0.5451	0.451351	0.445886	0.45674
254961	0.543358	0.546493	0.540164	0.5	0.5	0.5
254962	0.556901	0.560497	0.553344	0.5	0.5	0.5
254963	0.557028	0.560731	0.553314	0.5	0.5	0.5
254964	0.567307	0.57178	0.562817	0.5	0.5	0.5
254965	0.508797	0.509094	0.508674	0.469379	0.467139	0.471795
254966	0.542972	0.545584	0.540377	0.5	0.5	0.5
254968	0.598	0.604078	0.591896	0.5	0.5	0.5
254969	0.580663	0.585607	0.57569	0.5	0.5	0.5
254970	0.562629	0.566972	0.558268	0.5	0.5	0.5
254971	0.544426	0.547289	0.541552	0.5	0.5	0.5
254972	0.579004	0.584076	0.573899	0.5	0.5	0.5
254973	0.590578	0.596538	0.584581	0.5	0.5	0.5
254974	0.661239	0.671294	0.651012	0.5	0.5	0.5
254976	0.581038	0.586202	0.575847	0.5	0.5	0.5
254977	0.544235	0.547124	0.541339	0.5	0.5	0.5
254978	0.579347	0.584206	0.574464	0.5	0.5	0.5
254980	0.648473	0.648034	0.648985	0.180594	0.160656	0.20262
254981	0.268921	0.270082	0.267559	0.262393	0.263001	0.261585
254982	0.523515	0.525171	0.521857	0.5	0.5	0.5
254983	0.532952	0.535118	0.530782	0.5	0.5	0.5
254984	0.556076	0.559805	0.552337	0.5	0.5	0.5
254985	0.546972	0.549969	0.543969	0.5	0.5	0.5
254987	0.525897	0.527441	0.524352	0.5	0.5	0.5
254988	0.553947	0.55732	0.550469	0.5	0.5	0.5
254989	0.585885	0.591378	0.580363	0.5	0.5	0.5
254990	0.534044	0.533114	0.534734	0.486873	0.48288	0.490627
254993	0.533707	0.535869	0.531542	0.5	0.5	0.5
254994	0.542957	0.54571	0.540189	0.5	0.5	0.5
254996	0.513195	0.51416	0.512549	0.5	0.5	0.5
254997	0.529192	0.531098	0.527283	0.5	0.5	0.5
254998	0.573836	0.578677	0.568976	0.5	0.5	0.5
255000	0.581393	0.586722	0.576035	0.5	0.5	0.5
255001	0.544136	0.546871	0.541398	0.5	0.5	0.5
255002	0.530199	0.53224	0.528156	0.5	0.5	0.5
255003	0.580013	0.585007	0.574993	0.5	0.5	0.5
255004	0.553275	0.556846	0.549695	0.5	0.5	0.5
255005	0.536098	0.538563	0.533632	0.5	0.5	0.5
255006	0.540547	0.543177	0.537913	0.5	0.5	0.5
255007	0.433441	0.432486	0.434266	0.352507	0.346607	0.358332
255008	0.572828	0.577453	0.56818	0.5	0.5	0.5
255009	0.55398	0.557208	0.550736	0.5	0.5	0.5
255010	0.550101	0.553065	0.54713	0.5	0.5	0.5
255012	0.581183	0.586249	0.576094	0.5	0.5	0.5
255013	0.538397	0.540772	0.536017	0.5	0.5	0.5
255014	0.552028	0.555317	0.548732	0.5	0.5	0.5
255015	0.541845	0.544367	0.539344	0.5	0.5	0.5
255016	0.603864	0.61067	0.596932	0.5	0.5	0.5
255017	0.553868	0.5574	0.550326	0.5	0.5	0.5
255018	0.546684	0.549557	0.543805	0.5	0.5	0.5
255019	0.559018	0.562639	0.555387	0.5	0.5	0.5
255020	0.522872	0.524294	0.521449	0.5	0.5	0.5
255021	0.616534	0.623945	0.609051	0.5	0.5	0.5
255022	0.575631	0.580253	0.57099	0.5	0.5	0.5
255023	0.524139	0.525663	0.522611	0.5	0.5	0.5
255024	0.58604	0.591167	0.580884	0.5	0.5	0.5
255025	0.538887	0.54138	0.536384	0.5	0.5	0.5
255026	0.513969	0.515106	0.512741	0.471279	0.469591	0.472888
255027	0.528176	0.52996	0.526392	0.5	0.5	0.5
255028	0.56932	0.569164	0.569488	0.473541	0.467074	0.480043
255029	0.559828	0.563939	0.555699	0.5	0.5	0.5
255031	0.565384	0.569845	0.560901	0.5	0.5	0.5
255032	0.541517	0.544077	0.53895	0.5	0.5	0.5
255033	0.611015	0.617849	0.604142	0.5	0.5	0.5
255034	0.554439	0.557948	0.550922	0.5	0.5	0.5
255035	0.54908	0.55214	0.546014	0.5	0.5	0.5
255037	0.528927	0.530631	0.52722	0.5	0.5	0.5
255038	0.556395	0.560015	0.552758	0.5	0.5	0.5
255039	0.578178	0.583004	0.573328	0.5	0.5	0.5
255040	0.598052	0.604181	0.59188	0.5	0.5	0.5
255041	0.572367	0.576928	0.567779	0.5	0.5	0.5
255042	0.563183	0.56262	0.560612	0.460364	0.452844	0.4648
255043	0.562145	0.566426	0.557849	0.5	0.5	0.5
255044	0.577489	0.582881	0.572068	0.5	0.5	0.5
255045	0.528694	0.530448	0.526939	0.5	0.5	0.5
255046	0.553587	0.55718	0.549984	0.5	0.5	0.5
255047	0.549126	0.552132	0.546114	0.5	0.5	0.5
255048	0.584929	0.590214	0.579616	0.5	0.5	0.5
255050	0.568182	0.572225	0.564124	0.5	0.5	0.5
255051	0.545993	0.54899	0.542988	0.5	0.5	0.5
255052	0.572103	0.576616	0.567576	0.5	0.5	0.5
255053	0.548316	0.551431	0.545193	0.5	0.5	0.5
255054	0.764878	0.765307	0.764453	0.273907	0.254456	0.29462
255055	0.476082	0.475892	0.476217	0.438184	0.435634	0.440684
255056	0.572282	0.576714	0.567723	0.5	0.5	0.5
255057	0.555868	0.559262	0.552462	0.5	0.5	0.5
255058	0.534706	0.536824	0.532445	0.5	0.5	0.5
255060	0.556172	0.559899	0.552434	0.5	0.5	0.5
255061	0.545044	0.547983	0.542105	0.5	0.5	0.5
255062	0.556883	0.560873	0.552887	0.5	0.5	0.5
255063	0.564734	0.568981	0.560471	0.5	0.5	0.5
255065	0.57369	0.578229	0.569075	0.5	0.5	0.5
255066	0.575592	0.580643	0.570514	0.5	0.5	0.5
255067	0.305647	0.3051	0.306232	0.270903	0.267886	0.273974
255068	0.55468	0.557819	0.550804	0.5	0.499263	0.5
255069	0.496443	0.497598	0.495141	0.441558	0.439117	0.443862
255071	0.571509	0.575897	0.567102	0.5	0.5	0.5
255072	0.576184	0.58115	0.571195	0.5	0.5	0.5
255073	0.592128	0.598454	0.585848	0.5	0.5	0.5
255074	0.546532	0.549443	0.543615	0.5	0.5	0.5
255075	0.581528	0.586081	0.576517	0.5	0.499556	0.5
255077	0.577336	0.582061	0.57258	0.5	0.5	0.5
255078	0.556857	0.55565	0.558162	0.481361	0.475652	0.487183
255079	0.522144	0.523586	0.520702	0.5	0.5	0.5
255081	0.579001	0.583953	0.574026	0.5	0.5	0.5
255082	0.556471	0.55996	0.552968	0.5	0.5	0.5
255083	0.588406	0.594138	0.582646	0.5	0.5	0.5
255084	0.466212	0.465197	0.466752	0.433595	0.4305	0.436223
255085	0.52893	0.530834	0.52702	0.5	0.5	0.5
255086	0.552552	0.555756	0.549372	0.5	0.5	0.5
255087	0.587773	0.593303	0.582202	0.5	0.5	0.5
255088	0.535503	0.537944	0.533067	0.5	0.5	0.5
255089	0.560015	0.563762	0.556259	0.5	0.5	0.5
255090	0.593094	0.598796	0.587359	0.5	0.5	0.5
255091	0.549004	0.549109	0.551912	0.493294	0.490083	0.499556
255092	0.574881	0.578997	0.570741	0.5	0.5	0.5
255094	0.524687	0.526221	0.523146	0.5	0.5	0.5
255095	0.542678	0.545534	0.539825	0.5	0.5	0.5
255097	0.579248	0.584233	0.574242	0.5	0.5	0.5
255098	0.560933	0.56071	0.561323	0.461863	0.455369	0.468588
