Dataset 	CL_b 		CL_b_up 		CL_b_do 		CL_s+b 		CL_s+b_up 		CL_s+b_do 	 \\ 
254609		0.139152		0.139233		0.139072		0.138782		0.138841		0.138723
254610		0.230046		0.243074		0.218989		0.100148		0.103735		0.0975914
254612		0.167321		0.169277		0.165409		0.0675801		0.0653883		0.0699685
254619		0.156493		0.157332		0.155639		0.0773574		0.0749757		0.0798383
254622		0.157059		0.157923		0.156162		0.0727156		0.0702849		0.0752542
254627		0.147956		0.148596		0.147307		0.099299		0.0970058		0.101654
254628		0.260302		0.265137		0.255234		0.188853		0.189976		0.187599
254630		0.15546		0.156275		0.154661		0.0766115		0.0741242		0.0792211
254639		0.148059		0.148729		0.14738		0.0989676		0.0965744		0.101428
254644		0.187403		0.190056		0.184734		0.104565		0.103078		0.106121
254645		0.159819		0.160886		0.158736		0.0658033		0.0631601		0.0686067
254662		0.19283		0.195683		0.190152		0.027894		0.0258544		0.0302811
254667		0.152801		0.153507		0.152082		0.0844103		0.0820827		0.0868172
254674		0.156213		0.157095		0.155336		0.0741942		0.0716573		0.0768593
254681		0.141298		0.141554		0.141006		0.123618		0.122632		0.124584
254684		0.143189		0.143506		0.142871		0.116331		0.11513		0.117546
254693		0.138711		0.138772		0.138649		0.133518		0.13327		0.133766
254698		0.138593		0.138651		0.138535		0.133994		0.133761		0.134227
254702		0.151228		0.152023		0.150432		0.133925		0.133706		0.134144
254707		0.149775		0.150489		0.149061		0.134271		0.134071		0.134471
254709		0.138896		0.138975		0.138817		0.132752		0.132434		0.133071
254710		0.178588		0.180635		0.176462		0.0916334		0.0892099		0.0941503
254711		0.138259		0.13829		0.138227		0.135775		0.135661		0.135889
254712		0.139503		0.139636		0.139364		0.130214		0.129652		0.130774
254714		0.139142		0.139235		0.139049		0.131671		0.131294		0.132048
254721		0.13866		0.138735		0.138585		0.133681		0.133376		0.133987
254722		0.139412		0.139532		0.139286		0.130547		0.130038		0.131054
254725		0.140041		0.140168		0.139914		0.138487		0.138525		0.13845
254731		0.174315		0.177436		0.171235		0.149277		0.150463		0.148113
254735		0.175461		0.177603		0.173234		0.0649914		0.0616471		0.0685897
254739		0.145792		0.146448		0.145149		0.136213		0.136188		0.136249
254752		0.142779		0.143168		0.142391		0.126872		0.126108		0.127643
254754		0.153411		0.154146		0.152661		0.0809666		0.0785285		0.083497
254756		0.139625		0.13975		0.139505		0.129925		0.129437		0.13042
254758		0.140399		0.14055		0.14021		0.127342		0.126767		0.127887
254762		0.139504		0.139627		0.139375		0.130222		0.129703		0.130739
254763		0.138628		0.138697		0.138558		0.134662		0.134431		0.134893
254766		0.137922		0.137938		0.137906		0.136871		0.136807		0.136935
254768		0.140408		0.140572		0.140244		0.126929		0.126311		0.127551
254771		0.143344		0.143728		0.142965		0.136115		0.136052		0.136181
254782		0.149546		0.150135		0.148948		0.0933205		0.0912261		0.0954694
254783		0.138665		0.138726		0.138604		0.136006		0.135899		0.136114
254785		0.138905		0.138976		0.138834		0.132733		0.132448		0.133018
254786		0.143779		0.144143		0.143413		0.128473		0.127939		0.129009
254792		0.140058		0.140201		0.139915		0.136969		0.13693		0.137008
254793		0.139569		0.139684		0.139457		0.130186		0.129726		0.130653
254798		0.140116		0.140267		0.139965		0.127866		0.127272		0.128464
254800		0.146307		0.1469		0.145717		0.140629		0.140844		0.140417
254805		0.138655		0.138722		0.138588		0.133746		0.133476		0.134016
254820		0.190181		0.192023		0.188141		0.0605589		0.0576542		0.0636553
254944		0.155297		0.156156		0.15442		0.077465		0.0748365		0.0802117
254947		0.139353		0.139476		0.139229		0.130889		0.130394		0.131386
254984		0.149035		0.148148		0.150348		0.149035		0.148148		0.150347
Dataset 	CL_b 		CL_b_up 		CL_b_do 		CL_s+b 		CL_s+b_up 		CL_s+b_do 	 \\ 
254818		0.139268		0.139359		0.139177		0.131148		0.130779		0.131518
254819		0.143827		0.144194		0.143457		0.113933		0.112546		0.115339
254821		0.148496		0.149406		0.147617		0.130023		0.12965		0.130425
254834		0.142428		0.142714		0.142139		0.119808		0.118742		0.120883
254835		0.141501		0.141764		0.14124		0.136771		0.136728		0.136816
254843		0.140758		0.140959		0.140557		0.128669		0.128091		0.129249
254844		0.139367		0.139466		0.139267		0.130878		0.130483		0.131274
254851		0.139025		0.139105		0.138944		0.132146		0.131818		0.132476
254859		0.139039		0.139117		0.13896		0.132087		0.131767		0.132408
254863		0.138662		0.138726		0.138598		0.133664		0.133405		0.133925
254864		0.139113		0.139223		0.139002		0.131826		0.131382		0.132272
254865		0.143653		0.144024		0.143283		0.137743		0.137747		0.137738
254871		0.140063		0.140216		0.13991		0.128198		0.127602		0.128798
254872		0.14011		0.14026		0.139959		0.127893		0.127301		0.128488
254873		0.140522		0.140698		0.140346		0.127569		0.126948		0.128194
254875		0.140608		0.14081		0.140405		0.125668		0.124868		0.126474
254879		0.139035		0.13912		0.13895		0.132166		0.131823		0.132509
254881		0.141084		0.141289		0.140878		0.124105		0.123306		0.12491
254889		0.139007		0.139108		0.138905		0.132312		0.131907		0.132719
254890		0.140442		0.140631		0.140253		0.126482		0.125734		0.127234
254891		0.140559		0.140776		0.140342		0.126138		0.125289		0.126993
254892		0.140687		0.140877		0.140496		0.125807		0.125072		0.126546
254897		0.139403		0.139508		0.139293		0.130608		0.130159		0.131053
254898		0.140382		0.140592		0.140173		0.137922		0.137944		0.1379
254899		0.138828		0.138896		0.138759		0.132964		0.132684		0.133245
254900		0.149981		0.150789		0.149177		0.137511		0.137537		0.137488
254902		0.140462		0.140646		0.140276		0.128159		0.127521		0.128801
254906		0.166811		0.168612		0.164997		0.158425		0.159635		0.157199
254907		0.13881		0.138876		0.138743		0.133598		0.13335		0.133846
254908		0.143265		0.143606		0.142924		0.139771		0.139903		0.13964
254914		0.140531		0.1407		0.140361		0.126403		0.125747		0.127063
254916		0.142029		0.142281		0.141777		0.134799		0.134629		0.134969
254917		0.140036		0.140211		0.13986		0.128307		0.127623		0.128996
254918		0.138748		0.138829		0.138667		0.133302		0.132972		0.133632
254919		0.139936		0.140097		0.139775		0.130054		0.129516		0.130595
254921		0.146857		0.147484		0.146234		0.138584		0.138674		0.138496
254928		0.150737		0.151613		0.149871		0.137266		0.137275		0.137266
254930		0.14053		0.140727		0.140333		0.126183		0.125403		0.126968
254933		0.140632		0.14083		0.140435		0.131348		0.130905		0.131792
254937		0.138688		0.138763		0.138613		0.133589		0.133286		0.133893
254940		0.140091		0.140247		0.139936		0.127863		0.127244		0.128485
254950		0.139803		0.139928		0.139678		0.132131		0.131802		0.132462
254951		0.159088		0.160358		0.157812		0.152069		0.152882		0.151247
254952		0.14799		0.148722		0.147257		0.14513		0.145637		0.144621
254956		0.147752		0.148377		0.147119		0.0992102		0.0969889		0.101487
254960		0.140108		0.140254		0.13997		0.135703		0.135566		0.135848
254962		0.138886		0.138977		0.138795		0.132823		0.132459		0.133187
254970		0.141546		0.141787		0.141304		0.122531		0.121599		0.12347
254972		0.149209		0.149998		0.148398		0.135523		0.135406		0.135617
254978		0.138695		0.138755		0.138634		0.133765		0.133522		0.134009
254989		0.14039		0.140583		0.140196		0.126681		0.125916		0.127452
254993		0.141421		0.141683		0.141159		0.129759		0.129208		0.130312
255001		0.139809		0.139946		0.139673		0.12893		0.128382		0.129481
255003		0.139104		0.139191		0.139016		0.132928		0.132622		0.133236
255007		0.139897		0.140063		0.139731		0.128585		0.12792		0.129253
255009		0.141553		0.141778		0.14133		0.136071		0.135994		0.136149
255012		0.138482		0.138529		0.138435		0.134394		0.134202		0.134587
255014		0.138701		0.138779		0.138624		0.133501		0.133186		0.133816
255017		0.138889		0.138961		0.138816		0.133875		0.133659		0.134092
255024		0.141601		0.141838		0.141362		0.122301		0.121379		0.123231
255028		0.141047		0.141251		0.140843		0.138909		0.138979		0.138839
255038		0.139161		0.139245		0.139076		0.131626		0.131284		0.131968
255042		0.139963		0.140097		0.139828		0.128746		0.128217		0.129277
255044		0.140883		0.141073		0.140692		0.124681		0.123936		0.125431
255046		0.140398		0.140562		0.140234		0.126629		0.125978		0.127283
255048		0.137868		0.13787		0.137866		0.137801		0.137799		0.137803
255050		0.140859		0.141059		0.140658		0.124853		0.124065		0.125646
255051		0.142392		0.142673		0.142108		0.11946		0.118403		0.120527
255060		0.13926		0.139378		0.139141		0.13123		0.130754		0.131708
255061		0.141286		0.141495		0.141075		0.123319		0.122504		0.124139
255067		0.144139		0.144601		0.143678		0.132331		0.131978		0.132687
255082		0.149854		0.150616		0.149089		0.133762		0.133492		0.13403
255084		0.139581		0.139694		0.139468		0.131095		0.130693		0.131498
255094		0.140464		0.140625		0.140302		0.131283		0.130917		0.131651
255097		0.139628		0.139755		0.139506		0.129872		0.129373		0.130378
255098		0.160706		0.162289		0.15911		0.138832		0.138816		0.138835
Dataset 	CL_b 		CL_b_up 		CL_b_do 		CL_s+b 		CL_s+b_up 		CL_s+b_do 	 \\ 
254624		0.364594		0.37197		0.357454		0.203663		0.205953		0.201311
254713		0.151634		0.152792		0.150524		0.128901		0.128608		0.129239
254728		0.138983		0.13906		0.138905		0.132323		0.13201		0.132637
254741		0.146613		0.147232		0.146005		0.1359		0.135869		0.135941
254770		0.138539		0.13859		0.138487		0.135008		0.134838		0.135178
254777		0.139905		0.140076		0.139735		0.132841		0.132477		0.133207
254812		0.139778		0.139911		0.139645		0.129057		0.128522		0.129594
254826		0.139672		0.139801		0.139544		0.13319		0.132916		0.133465
254852		0.138733		0.138795		0.13867		0.133501		0.133254		0.133749
254868		0.138808		0.13888		0.138736		0.133055		0.132762		0.133348
254904		0.139493		0.13962		0.139361		0.130278		0.129742		0.130812
254953		0.144739		0.14515		0.144328		0.140194		0.140341		0.140048
254975		0.138029		0.138048		0.13801		0.136637		0.136566		0.136708
255011		0.139827		0.13996		0.139693		0.128931		0.128399		0.129466
255030		0.138923		0.138998		0.138847		0.133162		0.132879		0.133445
255049		0.138595		0.138652		0.138538		0.133952		0.133719		0.134185
255080		0.140016		0.140184		0.139847		0.12951		0.128913		0.130111
255096		0.140374		0.14054		0.140208		0.126767		0.126109		0.127429
