Dataset 	CL_b 		CL_b_up 		CL_b_do 		CL_s+b 		CL_s+b_up 		CL_s+b_do 		CL_exp\\ 
254601		0.340538		0.34111		0.339992		0.234601		0.228809		0.240549		0.754445
254602		0.333047		0.333066		0.333029		0.323858		0.323346		0.32437		0.979717
254603		0.355703		0.356819		0.35458		0.11403		0.105921		0.122793		0.403491
254605		0.355447		0.356449		0.354426		0.0897504		0.0813346		0.0990594		0.331231
254606		0.334097		0.334151		0.334043		0.292948		0.290105		0.295808		0.907521
254607		0.33292		0.332933		0.332908		0.32541		0.32496		0.325861		0.983437
254608		0.354189		0.355516		0.353188		0.119443		0.111793		0.127793		0.421547
254611		0.378211		0.381028		0.375925		0.297112		0.295145		0.299777		0.823893
254612		0.388183		0.390465		0.385643		0.161608		0.155805		0.167908		0.481550
254613		0.350398		0.35175		0.349058		0.118621		0.109643		0.128382		0.425067
254617		0.349709		0.35042		0.349002		0.124738		0.116595		0.133449		0.443964
254621		0.341795		0.342411		0.341183		0.181147		0.173227		0.189391		0.614659
254623		0.391508		0.393644		0.388915		0.135269		0.12925		0.141773		0.408559
254625		0.336721		0.33681		0.336632		0.259197		0.254304		0.264153		0.822450
254627		0.34075		0.34125		0.340252		0.170131		0.161654		0.17899		0.586971
254628		0.341571		0.34174		0.341401		0.225772		0.218		0.233758		0.730347
254629		0.344191		0.344374		0.344007		0.173615		0.165842		0.181683		0.589941
254630		0.353186		0.35435		0.352015		0.23899		0.234455		0.243669		0.739269
254635		0.339916		0.340262		0.33957		0.149781		0.141659		0.158287		0.532181
254637		0.362706		0.364489		0.360858		0.202766		0.196599		0.209275		0.630839
254641		0.337465		0.337552		0.337377		0.253232		0.248687		0.257835		0.806486
254643		0.355455		0.35646		0.354216		0.107704		0.0984925		0.117828		0.385286
254645		0.341285		0.341806		0.340672		0.312636		0.311398		0.313811		0.936688
254646		0.341248		0.342051		0.340494		0.294151		0.291964		0.296404		0.894795
254648		0.336016		0.33609		0.335942		0.266541		0.262493		0.270631		0.841522
254650		0.366346		0.367396		0.365199		0.103626		0.0964727		0.111459		0.357776
254652		0.33336		0.333401		0.333334		0.32682		0.326455		0.327201		0.985593
254653		0.340143		0.340705		0.339592		0.252968		0.247721		0.258321		0.800185
254654		0.350579		0.351166		0.34998		0.0673096		0.059557		0.0760199		0.265977
254655		0.363217		0.362544		0.361498		0.302041		0.299013		0.30365		0.866058
254657		0.336905		0.336985		0.336826		0.257991		0.253736		0.262297		0.819160
254659		0.332882		0.332893		0.332872		0.327263		0.32685		0.327676		0.987620
254660		0.336584		0.336667		0.3365		0.26121		0.256872		0.265597		0.827573
254661		0.359049		0.36012		0.357935		0.0195217		0.0156515		0.0243772		0.088619
254662		0.353189		0.35393		0.352431		0.0331029		0.0275409		0.0397608		0.144207
254663		0.367618		0.368802		0.366346		0.00682318		0.00521422		0.00897		0.033315
254665		0.373953		0.374878		0.37298		0.000189221		0.000115363		0.000314302		0.001224
254666		0.372174		0.37412		0.370149		0.0694348		0.0628834		0.0768755		0.248536
254667		0.349926		0.350491		0.349345		0.0985933		0.0902832		0.107637		0.365949
254669		0.340627		0.3408		0.340453		0.19358		0.185144		0.202307		0.649808
254670		0.354934		0.355611		0.354247		0.0103802		0.00802108		0.0134436		0.052345
254671		0.364594		0.366055		0.363086		0.106189		0.098531		0.114612		0.367668
254672		0.378523		0.379888		0.377024		0.0239779		0.020784		0.0277837		0.095237
254673		0.352031		0.352823		0.351213		0.1017		0.0939744		0.110066		0.372350
254674		0.357304		0.358285		0.355872		0.191421		0.184273		0.198814		0.612157
254675		0.333066		0.333085		0.333048		0.316409		0.315374		0.317445		0.963068
254678		0.335481		0.335588		0.335375		0.243999		0.239008		0.249063		0.788183
254681		0.333286		0.333327		0.333245		0.300149		0.298207		0.302099		0.925813
254682		0.333119		0.333148		0.33309		0.311322		0.310053		0.312595		0.951527
254683		0.333463		0.333519		0.333407		0.289428		0.286459		0.292416		0.900771
254684		0.335884		0.336063		0.335706		0.227302		0.221273		0.233451		0.745909
254685		0.333268		0.33331		0.333227		0.316075		0.314969		0.317184		0.961879
254686		0.3329		0.332914		0.332887		0.322028		0.321266		0.32279		0.975973
254687		0.33357		0.333629		0.333512		0.306475		0.304931		0.308023		0.939585
254690		0.334355		0.334428		0.334283		0.271708		0.268089		0.275359		0.857359
254691		0.334901		0.335053		0.334752		0.300966		0.299149		0.302793		0.924153
254694		0.333569		0.333629		0.333509		0.322811		0.322177		0.323446		0.976247
254695		0.333037		0.333057		0.333017		0.317375		0.316467		0.318284		0.965295
254696		0.333508		0.333537		0.333478		0.304182		0.302524		0.305846		0.934519
254697		0.333603		0.333673		0.333533		0.288212		0.285406		0.291037		0.897652
254698		0.333142		0.333165		0.33312		0.329737		0.329561		0.329914		0.992511
254699		0.333221		0.333255		0.333187		0.320603		0.319873		0.321334		0.972097
254700		0.335274		0.335454		0.335097		0.29754		0.295483		0.299611		0.915507
254701		0.334508		0.334592		0.334424		0.262471		0.258084		0.266908		0.835036
254702		0.334001		0.334085		0.333918		0.312038		0.310843		0.313238		0.951207
254703		0.335125		0.335313		0.334941		0.301469		0.299511		0.303441		0.924810
254705		0.333961		0.334052		0.33387		0.315618		0.314525		0.316716		0.959338
254707		0.333653		0.333717		0.33359		0.290576		0.288205		0.29296		0.903013
254708		0.334997		0.335134		0.334862		0.269827		0.26613		0.273559		0.851518
254709		0.333083		0.333111		0.333056		0.319848		0.318983		0.320715		0.970718
254710		0.333474		0.333507		0.333442		0.303715		0.301905		0.305532		0.933529
254711		0.332915		0.332929		0.332902		0.32262		0.321995		0.323247		0.977258
254712		0.333285		0.333328		0.333242		0.301388		0.299388		0.303397		0.928643
254715		0.333983		0.334041		0.333944		0.282763		0.279587		0.285981		0.884150
254716		0.332966		0.332979		0.332952		0.323171		0.322619		0.323725		0.978372
254717		0.333355		0.333401		0.33331		0.316225		0.3152		0.317252		0.962022
254718		0.333384		0.33343		0.333338		0.31754		0.316609		0.318473		0.964904
254720		0.33407		0.334166		0.333975		0.30511		0.303434		0.306794		0.935397
254721		0.332831		0.332837		0.332825		0.327654		0.327319		0.327989		0.988598
254722		0.332831		0.332838		0.33285		0.326094		0.325699		0.326515		0.985148
254723		0.332943		0.332955		0.332931		0.327492		0.327176		0.327807		0.987993
254724		0.332825		0.33283		0.332821		0.328382		0.328127		0.328638		0.990218
254725		0.333387		0.333427		0.333346		0.327228		0.326891		0.327565		0.986437
254726		0.333652		0.333686		0.333617		0.30136		0.299493		0.303235		0.927778
254727		0.333133		0.333145		0.333103		0.326959		0.326524		0.327376		0.986398
254729		0.334947		0.335108		0.334787		0.330839		0.330694		0.330983		0.990979
254731		0.33342		0.333462		0.333378		0.328059		0.327771		0.328347		0.988200
254733		0.332931		0.332942		0.33292		0.329367		0.329161		0.329572		0.992159
254734		0.333458		0.333506		0.33343		0.326617		0.32623		0.327025		0.984930
254735		0.352519		0.353345		0.351656		0.0307028		0.0256303		0.0367801		0.135690
254736		0.333307		0.333345		0.333268		0.322039		0.321401		0.322678		0.975107
254738		0.333145		0.333174		0.333116		0.31373		0.312558		0.314906		0.956888
254739		0.333326		0.333374		0.333279		0.305264		0.303499		0.307035		0.937372
254740		0.332993		0.33301		0.332976		0.316591		0.315638		0.317546		0.963638
254742		0.334084		0.334177		0.333993		0.319113		0.318283		0.319946		0.966884
254743		0.336062		0.336317		0.335812		0.289269		0.28646		0.292104		0.894757
254744		0.333682		0.333751		0.333614		0.312821		0.311568		0.314077		0.953666
254747		0.332844		0.332851		0.332864		0.325778		0.325362		0.32622		0.984420
254748		0.335955		0.336174		0.335737		0.306569		0.305042		0.308105		0.934591
254752		0.333088		0.333116		0.33306		0.311979		0.310625		0.313337		0.953075
254754		0.363175		0.364325		0.362044		0.0147494		0.0118595		0.0183857		0.067734
254755		0.333345		0.333389		0.333299		0.310371		0.308944		0.311802		0.948888
254756		0.332985		0.333005		0.332966		0.315183		0.314105		0.316263		0.960499
254757		0.334714		0.334802		0.334626		0.255409		0.250904		0.259969		0.817602
254758		0.334375		0.334473		0.334278		0.331768		0.331701		0.331836		0.994277
254759		0.334878		0.335017		0.334739		0.249887		0.244993		0.254852		0.803855
254760		0.333923		0.334018		0.333849		0.276935		0.273472		0.280445		0.870625
254761		0.361391		0.362661		0.359982		0.00857811		0.00647219		0.0113972		0.042499
254762		0.333362		0.333406		0.333318		0.312643		0.311423		0.313866		0.953969
254763		0.333805		0.333855		0.333728		0.282735		0.279867		0.285599		0.884469
254764		0.334349		0.334426		0.334272		0.266882		0.263045		0.270755		0.845913
254765		0.33282		0.332824		0.332816		0.328868		0.328622		0.329115		0.991303
254766		0.33281		0.332813		0.332807		0.330218		0.330021		0.330415		0.994300
254767		0.333207		0.33324		0.333175		0.30594		0.304145		0.307741		0.939165
254768		0.333015		0.33303		0.332999		0.329962		0.329793		0.330131		0.993287
254769		0.333255		0.33329		0.33322		0.322384		0.321712		0.323057		0.975987
254771		0.332856		0.332865		0.332847		0.323849		0.323313		0.324386		0.980117
254772		0.333767		0.333843		0.333711		0.280905		0.277774		0.284077		0.880275
254773		0.334262		0.334352		0.334172		0.331164		0.33107		0.331258		0.993196
254774		0.333705		0.333769		0.333642		0.312554		0.311353		0.313758		0.953016
254775		0.334737		0.334832		0.334642		0.256762		0.251953		0.261633		0.820820
254776		0.332983		0.333002		0.332964		0.31566		0.3146		0.316722		0.961574
254778		0.333148		0.333181		0.333115		0.322924		0.322237		0.323612		0.977423
254780		0.332987		0.333005		0.332968		0.315834		0.314795		0.316874		0.961955
254781		0.333907		0.333992		0.333822		0.316246		0.31519		0.317306		0.960864
254782		0.339871		0.340321		0.339421		0.328321		0.328041		0.328601		0.974680
254783		0.333112		0.333133		0.333091		0.33033		0.330176		0.330484		0.993884
254786		0.333469		0.333522		0.333416		0.301529		0.299769		0.303297		0.928563
254787		0.334001		0.334067		0.333934		0.330968		0.330856		0.33108		0.993338
254788		0.333188		0.333219		0.333155		0.313618		0.312467		0.31477		0.956542
254789		0.332992		0.33301		0.332975		0.3256		0.325165		0.326035		0.983699
254790		0.332874		0.332884		0.332864		0.324379		0.323857		0.3249		0.981252
254791		0.333065		0.333094		0.333037		0.311023		0.309544		0.312507		0.950971
254792		0.333095		0.333119		0.333071		0.322198		0.321585		0.322811		0.975925
254793		0.332979		0.332997		0.33296		0.315114		0.314079		0.31615		0.960359
254794		0.334972		0.335147		0.334798		0.31855		0.317556		0.319547		0.963682
254796		0.338514		0.338889		0.338144		0.219104		0.212809		0.225566		0.719817
254797		0.335846		0.336012		0.335682		0.264669		0.26046		0.268926		0.837422
254798		0.333515		0.333581		0.333451		0.301405		0.299345		0.303475		0.928178
254802		0.335876		0.335997		0.335755		0.24281		0.237478		0.248226		0.784433
254803		0.333265		0.333308		0.333223		0.306725		0.305094		0.308363		0.940820
254804		0.332828		0.332832		0.332823		0.328249		0.327989		0.32851		0.989920
254805		0.333008		0.333032		0.332984		0.313553		0.312172		0.314937		0.956790
254806		0.333258		0.3333		0.333217		0.301735		0.299831		0.303647		0.929492
254808		0.334107		0.334194		0.33402		0.322953		0.322387		0.323521		0.975384
254809		0.337035		0.337293		0.336782		0.245662		0.240912		0.250484		0.788979
254810		0.339848		0.340309		0.339388		0.323472		0.322914		0.324034		0.964001
254811		0.332903		0.332915		0.332891		0.320602		0.319895		0.321311		0.972795
254820		0.350728		0.351414		0.35		0.0310463		0.0257012		0.0374679		0.138266
254877		0.346607		0.347147		0.346081		0.0724755		0.0641971		0.0817344		0.287736
254910		0.352752		0.353596		0.351878		0.0644975		0.0574562		0.0723863		0.254213
254942		0.362666		0.363003		0.362328		0.095623		0.0873723		0.104686		0.339294
254943		0.36248		0.363749		0.361172		0.0039618		0.00286526		0.00549362		0.021252
254944		0.356279		0.357583		0.354878		0.00986621		0.0075843		0.0128701		0.049649
254995		0.333133		0.333154		0.333113		0.314275		0.313115		0.315438		0.958138
254996		0.332883		0.332892		0.332873		0.323775		0.323211		0.324341		0.979896
255000		0.333713		0.333786		0.333641		0.33158		0.331481		0.331679		0.995314
Dataset 	CL_b 		CL_b_up 		CL_b_do 		CL_s+b 		CL_s+b_up 		CL_s+b_do 		CL_exp\\ 
254813		0.333092		0.333109		0.333075		0.315859		0.314904		0.316816		0.961782
254814		0.334533		0.334662		0.334405		0.316669		0.31564		0.317702		0.960439
254815		0.333305		0.333349		0.33326		0.293655		0.29127		0.296052		0.910877
254817		0.332971		0.332988		0.332955		0.319959		0.319009		0.320911		0.971210
254818		0.333345		0.333395		0.333296		0.319561		0.318634		0.320491		0.969503
254819		0.341127		0.341653		0.340609		0.27609		0.273166		0.27906		0.853145
254821		0.333819		0.333887		0.333751		0.315698		0.314731		0.316667		0.959826
254822		0.334418		0.334516		0.334315		0.328289		0.32801		0.328563		0.986520
254823		0.341078		0.341625		0.340667		0.318002		0.317221		0.318903		0.949153
254824		0.333148		0.333179		0.333117		0.315235		0.314194		0.316279		0.960260
254825		0.332806		0.332807		0.332804		0.330176		0.330024		0.330327		0.994217
254827		0.333401		0.333448		0.333354		0.315587		0.314551		0.316625		0.960494
254828		0.337334		0.337618		0.336995		0.290709		0.287879		0.293524		0.895329
254829		0.333323		0.333368		0.333278		0.30491		0.303157		0.30667		0.936575
254830		0.332974		0.332991		0.332956		0.316463		0.315493		0.317435		0.963394
254831		0.333264		0.333295		0.333233		0.328445		0.328193		0.328698		0.989394
254832		0.337675		0.338006		0.337351		0.311052		0.309865		0.31225		0.940967
254833		0.333079		0.333103		0.333055		0.312607		0.311397		0.31382		0.954508
254834		0.334364		0.334488		0.334268		0.279884		0.27668		0.283137		0.876592
254835		0.332881		0.332893		0.332869		0.322652		0.321946		0.32336		0.977405
254836		0.333107		0.333137		0.333078		0.32271		0.322015		0.323407		0.977037
254837		0.332867		0.332878		0.332856		0.323886		0.323232		0.324541		0.980176
254838		0.333276		0.333319		0.333234		0.303181		0.301382		0.304987		0.932746
254839		0.334715		0.334866		0.334567		0.287929		0.285233		0.290646		0.894577
254841		0.333396		0.333432		0.333359		0.306915		0.304923		0.308914		0.940964
254842		0.33292		0.332932		0.332909		0.329124		0.328896		0.329353		0.991647
254843		0.332893		0.332903		0.332883		0.327013		0.326667		0.327358		0.987044
254844		0.332839		0.332845		0.332834		0.327585		0.327278		0.327893		0.988427
254845		0.334903		0.33504		0.334766		0.329896		0.329719		0.330072		0.989001
254846		0.332878		0.332888		0.332867		0.323123		0.322527		0.32372		0.978458
254848		0.333092		0.333122		0.333062		0.307518		0.305852		0.30919		0.942995
254849		0.333836		0.333924		0.333748		0.304622		0.302719		0.306535		0.934801
254850		0.333259		0.3333		0.333218		0.311993		0.310601		0.313389		0.952731
254851		0.333776		0.333852		0.333701		0.311744		0.310474		0.313018		0.951037
254855		0.332846		0.332854		0.332839		0.327111		0.326744		0.327478		0.987364
254856		0.332814		0.332816		0.332812		0.33077		0.330621		0.330919		0.995507
254857		0.333208		0.333241		0.333174		0.328475		0.328152		0.328798		0.989583
254858		0.334884		0.335018		0.33475		0.303498		0.301853		0.305151		0.929957
254859		0.333248		0.333278		0.333217		0.330101		0.32993		0.330272		0.993082
254860		0.332959		0.332975		0.332944		0.318329		0.317447		0.319213		0.967599
254861		0.333192		0.333226		0.333159		0.327796		0.327419		0.328173		0.988118
254862		0.333085		0.333114		0.333055		0.312693		0.311362		0.314028		0.954690
254864		0.332903		0.332918		0.332888		0.321613		0.320782		0.322445		0.975045
254865		0.332844		0.332851		0.332837		0.326751		0.326389		0.327114		0.986574
254866		0.334312		0.334375		0.334248		0.275656		0.272315		0.279023		0.866774
254867		0.332969		0.332986		0.332951		0.316998		0.316032		0.317966		0.964601
254869		0.332854		0.332861		0.332847		0.327914		0.327608		0.328219		0.989121
254870		0.332841		0.33285		0.332833		0.325066		0.324543		0.325589		0.982848
254871		0.334537		0.33466		0.334414		0.329979		0.329779		0.33018		0.989986
254872		0.333355		0.333398		0.333313		0.31333		0.312193		0.314469		0.955528
254873		0.337362		0.337688		0.337043		0.267847		0.263619		0.272133		0.841745
254874		0.332883		0.332894		0.332873		0.322854		0.322282		0.323426		0.977847
254875		0.333345		0.333396		0.333293		0.307387		0.305655		0.309124		0.942143
254876		0.333328		0.333369		0.333287		0.321645		0.320966		0.322326		0.974184
254879		0.333241		0.33328		0.333203		0.327992		0.327628		0.328356		0.988444
254881		0.33291		0.332922		0.332899		0.324136		0.323596		0.324677		0.980635
254882		0.333109		0.33314		0.333077		0.312368		0.310985		0.313754		0.953904
254883		0.333242		0.33328		0.333204		0.309993		0.308602		0.311389		0.948261
254884		0.339042		0.339529		0.338574		0.292024		0.289424		0.294663		0.894664
254885		0.333291		0.333333		0.33325		0.312199		0.31093		0.313472		0.953125
254886		0.333273		0.333316		0.333229		0.300707		0.298576		0.302847		0.927116
254888		0.33303		0.333052		0.333008		0.318242		0.31733		0.319155		0.967248
254890		0.333896		0.333981		0.333811		0.266454		0.26245		0.270499		0.845869
254891		0.333761		0.33384		0.333682		0.289744		0.287159		0.292345		0.900857
254892		0.334067		0.334145		0.333989		0.328399		0.328152		0.328647		0.987532
254893		0.333789		0.333878		0.333701		0.277269		0.273693		0.280876		0.871699
254894		0.333403		0.333448		0.333359		0.324759		0.324262		0.325258		0.980936
254895		0.333174		0.333204		0.333144		0.319434		0.318656		0.320213		0.969594
254896		0.335379		0.335566		0.335195		0.30203		0.300034		0.304038		0.925535
254897		0.333122		0.33315		0.333093		0.313247		0.312086		0.31441		0.955852
254898		0.333058		0.33308		0.333035		0.321065		0.320369		0.321762		0.973486
254899		0.333396		0.333439		0.333353		0.316272		0.315346		0.3172		0.962040
254900		0.332943		0.332962		0.332925		0.318029		0.316965		0.319095		0.966963
254901		0.334827		0.334946		0.334707		0.332277		0.332247		0.332307		0.994406
254902		0.333135		0.333166		0.333105		0.313011		0.311787		0.314238		0.955294
254903		0.333064		0.333083		0.333046		0.331728		0.331646		0.331809		0.997063
254905		0.333048		0.333074		0.333022		0.315646		0.314539		0.316754		0.961399
254906		0.333023		0.333044		0.333003		0.318689		0.317851		0.319528		0.968262
254907		0.332996		0.333016		0.332975		0.315581		0.31445		0.316714		0.961369
254908		0.332805		0.332806		0.332804		0.330856		0.33073		0.330981		0.995714
254911		0.333086		0.333114		0.333059		0.31122		0.309878		0.312567		0.951369
254912		0.333132		0.333161		0.333103		0.316164		0.315142		0.317189		0.962377
254913		0.333249		0.333287		0.333211		0.314537		0.313406		0.315671		0.958472
254914		0.334455		0.334558		0.334352		0.329766		0.329583		0.329949		0.989695
254915		0.332872		0.332882		0.332862		0.323129		0.322545		0.323713		0.978484
254916		0.333482		0.333527		0.333437		0.331837		0.331775		0.3319		0.996389
254917		0.333347		0.33339		0.333304		0.318895		0.318059		0.319732		0.968012
254918		0.33284		0.332845		0.332835		0.327862		0.327577		0.328146		0.989036
254919		0.333904		0.333978		0.33383		0.323202		0.322646		0.323758		0.976381
254920		0.333509		0.333568		0.333451		0.308677		0.307177		0.310182		0.944704
254921		0.332809		0.332812		0.332807		0.330295		0.330105		0.330485		0.994470
254923		0.332833		0.33284		0.332853		0.325767		0.325354		0.326208		0.984420
254925		0.333139		0.333166		0.333111		0.323862		0.323322		0.324403		0.979527
254926		0.332973		0.332992		0.332954		0.315934		0.314858		0.317011		0.962209
254927		0.334039		0.334098		0.334		0.283385		0.28045		0.286359		0.885479
254928		0.334255		0.334376		0.334134		0.278457		0.274994		0.281951		0.873481
254930		0.333591		0.33366		0.333522		0.296561		0.294217		0.298918		0.916933
254934		0.333831		0.333909		0.333754		0.303023		0.301243		0.304812		0.931175
254935		0.333149		0.333177		0.333122		0.322054		0.32141		0.322698		0.975485
254936		0.333029		0.333049		0.333009		0.32268		0.32209		0.323271		0.977142
254937		0.332801		0.332803		0.332799		0.330344		0.330159		0.33053		0.994598
254938		0.333132		0.333164		0.3331		0.304861		0.303093		0.306634		0.936881
254939		0.3346		0.334687		0.334513		0.260724		0.256491		0.265004		0.830649
254940		0.333708		0.333781		0.333635		0.288244		0.285514		0.290992		0.897497
254941		0.333188		0.333218		0.333157		0.323142		0.322548		0.323737		0.977820
254951		0.333214		0.333249		0.333179		0.319939		0.319155		0.320724		0.970633
254952		0.333115		0.333137		0.333093		0.329179		0.328971		0.329388		0.991341
254954		0.33494		0.335079		0.334801		0.322503		0.321895		0.323113		0.972560
254955		0.332839		0.332844		0.332833		0.328577		0.328331		0.328822		0.990618
254956		0.334618		0.334742		0.334495		0.322908		0.32229		0.323528		0.974164
254957		0.332963		0.33298		0.332946		0.319107		0.318219		0.319997		0.969328
254959		0.333376		0.333411		0.333342		0.300801		0.298922		0.302687		0.927104
254960		0.333367		0.333405		0.333331		0.328461		0.328209		0.328713		0.989202
254963		0.333821		0.333901		0.333741		0.297369		0.295239		0.299511		0.918285
254966		0.33602		0.336304		0.335741		0.319732		0.31878		0.320693		0.964030
254968		0.332807		0.332803		0.332807		0.331355		0.331239		0.331466		0.996809
254970		0.333394		0.333436		0.333351		0.2964		0.294071		0.29874		0.916993
254989		0.333534		0.333593		0.333476		0.308048		0.30655		0.309552		0.943227
254990		0.333533		0.333581		0.333484		0.330201		0.330033		0.330369		0.992676
255001		0.333076		0.333103		0.33305		0.315354		0.314247		0.316463		0.960682
255002		0.334887		0.335		0.334774		0.24169		0.23609		0.247382		0.783763
255003		0.332821		0.332827		0.332816		0.328756		0.32845		0.329062		0.991051
255004		0.333177		0.333209		0.333145		0.314817		0.313744		0.315892		0.959257
255005		0.332911		0.332925		0.332897		0.321517		0.320692		0.322343		0.974814
255006		0.332838		0.332843		0.332832		0.327631		0.327325		0.327937		0.988532
255007		0.334666		0.334797		0.334536		0.318853		0.318021		0.319687		0.965028
255008		0.333929		0.334007		0.333846		0.327762		0.327422		0.328096		0.986426
255009		0.333315		0.333359		0.333271		0.3082		0.306681		0.309724		0.944050
255010		0.333385		0.333434		0.333336		0.30924		0.307747		0.310738		0.946248
255012		0.332809		0.332813		0.332806		0.329285		0.329079		0.329491		0.992244
255013		0.333625		0.333699		0.333551		0.316207		0.315017		0.3174		0.961392
255014		0.334546		0.334653		0.334439		0.331544		0.331471		0.331618		0.993411
255015		0.333525		0.333587		0.333463		0.300326		0.298219		0.302443		0.925696
255016		0.333223		0.333246		0.333199		0.311484		0.310149		0.312823		0.951666
255017		0.333766		0.333834		0.333698		0.317362		0.316471		0.318255		0.963668
255018		0.333312		0.333356		0.333269		0.304586		0.30283		0.306348		0.935863
255019		0.333166		0.333198		0.333132		0.303681		0.301879		0.30549		0.934127
255020		0.333135		0.333165		0.333103		0.304979		0.303269		0.306693		0.937143
255022		0.332802		0.332804		0.3328		0.330251		0.330097		0.330405		0.994390
255023		0.333028		0.333048		0.333007		0.313241		0.312061		0.314424		0.956047
255024		0.333639		0.333705		0.333574		0.286225		0.283349		0.28912		0.892959
255025		0.332959		0.332976		0.332941		0.319148		0.318322		0.319976		0.969430
255026		0.333701		0.333771		0.33365		0.280238		0.277069		0.283448		0.878857
255027		0.334495		0.334617		0.334374		0.269038		0.265458		0.272653		0.850726
255028		0.332872		0.332884		0.33286		0.325688		0.325205		0.326171		0.984159
255029		0.333478		0.333533		0.333424		0.306238		0.304636		0.307844		0.939249
255031		0.332991		0.333009		0.332974		0.316701		0.315685		0.317718		0.963886
255032		0.333379		0.333432		0.333325		0.29585		0.293371		0.298342		0.915763
255033		0.332831		0.332838		0.332825		0.328011		0.327644		0.328378		0.989385
255034		0.332919		0.332935		0.332903		0.319358		0.318411		0.320306		0.969984
255035		0.33281		0.332814		0.332807		0.329562		0.329357		0.329767		0.992853
255037		0.333809		0.333879		0.333739		0.3206		0.319884		0.321318		0.970802
255038		0.335152		0.335301		0.335003		0.32934		0.329122		0.329558		0.987230
255039		0.337041		0.337374		0.336715		0.22438		0.217413		0.231523		0.736169
255040		0.332819		0.332823		0.332815		0.328835		0.328583		0.329087		0.991232
255042		0.332901		0.332913		0.332889		0.321352		0.320651		0.322054		0.974468
255043		0.334798		0.334935		0.334662		0.313846		0.312757		0.314941		0.953531
255044		0.333153		0.333181		0.333151		0.326436		0.326034		0.326865		0.985198
255045		0.333523		0.333578		0.333468		0.321384		0.32067		0.322099		0.973175
255046		0.333314		0.333353		0.333275		0.312034		0.310832		0.313239		0.952704
255047		0.333445		0.333501		0.33339		0.306652		0.304918		0.308392		0.940259
255048		0.332824		0.33283		0.332819		0.32808		0.327747		0.328414		0.989554
255050		0.333246		0.333281		0.333211		0.302988		0.301044		0.30494		0.932374
255051		0.332824		0.332829		0.332819		0.328454		0.328177		0.328731		0.990379
255052		0.332921		0.332934		0.332908		0.320376		0.319612		0.321141		0.972251
255053		0.332853		0.332862		0.332845		0.324262		0.323748		0.324777		0.981040
255054		0.333638		0.333701		0.333576		0.30751		0.306039		0.308986		0.941781
255055		0.333592		0.333652		0.333533		0.315337		0.314257		0.316421		0.959515
255056		0.333351		0.333377		0.333326		0.307997		0.306576		0.309423		0.943513
255057		0.332883		0.332894		0.332872		0.322321		0.321685		0.322958		0.976664
255058		0.333433		0.33349		0.333376		0.303399		0.301466		0.305341		0.932901
255060		0.332889		0.3329		0.332877		0.325266		0.3248		0.325733		0.983188
255061		0.333571		0.333624		0.333519		0.326213		0.325824		0.326603		0.983788
255062		0.333965		0.334048		0.333883		0.322285		0.321651		0.32292		0.974211
255063		0.333261		0.333301		0.333222		0.317303		0.316302		0.318306		0.964642
255066		0.332843		0.33285		0.332861		0.325947		0.325512		0.326407		0.984797
255067		0.333889		0.33397		0.333808		0.323501		0.322905		0.324099		0.977080
255068		0.333041		0.333063		0.333019		0.311467		0.310226		0.312712		0.952026
255069		0.332919		0.332933		0.332904		0.320903		0.320097		0.321712		0.973431
255071		0.332842		0.33285		0.332835		0.32534		0.324879		0.325802		0.983453
255072		0.333433		0.333471		0.333395		0.330172		0.330018		0.330327		0.992832
255073		0.333306		0.333344		0.333268		0.311643		0.31042		0.312869		0.951840
255074		0.332813		0.332816		0.33281		0.329254		0.329044		0.329464		0.992169
255075		0.332803		0.332805		0.332801		0.330147		0.329979		0.330316		0.994160
255076		0.333582		0.333638		0.333526		0.321211		0.320522		0.321901		0.972661
255077		0.332942		0.332957		0.332927		0.318025		0.317159		0.318893		0.966957
255078		0.33314		0.333163		0.333116		0.328578		0.328314		0.328842		0.989961
255079		0.333248		0.333281		0.333215		0.300891		0.299093		0.302695		0.927590
255081		0.333084		0.333112		0.333057		0.315201		0.314106		0.3163		0.960324
255082		0.33347		0.333515		0.333426		0.329548		0.329345		0.329751		0.991374
255083		0.334365		0.334484		0.334246		0.321033		0.32026		0.321808		0.970550
255084		0.332857		0.332837		0.33285		0.326206		0.325797		0.326589		0.985340
255085		0.333313		0.333358		0.333268		0.303043		0.30111		0.304986		0.932354
255086		0.333727		0.333794		0.33366		0.310001		0.308704		0.311303		0.947218
255087		0.333819		0.33389		0.333747		0.324907		0.324419		0.325396		0.980352
255088		0.335413		0.335624		0.335205		0.288213		0.285447		0.291002		0.893721
255089		0.333736		0.333819		0.333653		0.321303		0.320442		0.322167		0.972529
255090		0.333753		0.333828		0.333678		0.306255		0.304622		0.307895		0.938687
255091		0.333811		0.333901		0.333721		0.307326		0.305465		0.309196		0.940987
255092		0.333479		0.333534		0.333425		0.305503		0.303873		0.307139		0.937580
255094		0.334039		0.334135		0.333945		0.311709		0.310377		0.313045		0.950382
255095		0.332831		0.332836		0.332826		0.328007		0.32773		0.328284		0.989378
255098		0.333031		0.333058		0.333005		0.310928		0.309454		0.312406		0.950831
Dataset 	CL_b 		CL_b_up 		CL_b_do 		CL_s+b 		CL_s+b_up 		CL_s+b_do 		CL_exp\\ 
254624		0.347983		0.348125		0.347841		0.193834		0.186824		0.201058		0.636154
254642		0.33447		0.334529		0.334411		0.288598		0.285934		0.291279		0.896662
254664		0.354792		0.355607		0.354201		0.0390812		0.0333769		0.04581		0.164823
254668		0.380028		0.382876		0.377501		0.0676729		0.0620328		0.0742918		0.234856
254692		0.333734		0.333785		0.333682		0.290853		0.28824		0.293481		0.903479
254713		0.332933		0.332945		0.33292		0.321491		0.32077		0.322212		0.974707
254728		0.333361		0.333411		0.333312		0.307125		0.305499		0.308757		0.941515
254730		0.333113		0.333143		0.333084		0.305468		0.303855		0.307087		0.938302
254732		0.332872		0.332881		0.332863		0.324148		0.323647		0.324649		0.980745
254737		0.334085		0.334193		0.33398		0.291499		0.288913		0.294104		0.904205
254741		0.332869		0.332879		0.332859		0.323288		0.322718		0.323858		0.978843
254745		0.333104		0.33313		0.333079		0.32268		0.322021		0.323339		0.976975
254746		0.333235		0.333272		0.333197		0.325255		0.324743		0.325768		0.982404
254750		0.332953		0.332969		0.332938		0.318716		0.317849		0.319584		0.968475
254751		0.332953		0.33297		0.332936		0.318605		0.317632		0.319581		0.968230
254770		0.333491		0.333539		0.333442		0.326153		0.325751		0.326554		0.983830
254777		0.338631		0.339056		0.33821		0.281994		0.278931		0.285095		0.872309
254795		0.334201		0.334292		0.334111		0.329044		0.328808		0.329279		0.988659
254799		0.336418		0.336598		0.33624		0.268628		0.265021		0.27227		0.845621
254801		0.363686		0.365014		0.362308		0.00160316		0.00107685		0.00239826		0.009360
254807		0.367101		0.368591		0.365314		0.00539991		0.00402099		0.00729167		0.027135
254812		0.333839		0.333928		0.333751		0.309707		0.308117		0.311304		0.946307
254816		0.337588		0.337876		0.337301		0.328005		0.327735		0.328276		0.978959
254826		0.333401		0.333427		0.333368		0.332118		0.332066		0.332162		0.997182
254852		0.332955		0.332969		0.332942		0.327313		0.326986		0.327641		0.987571
254854		0.333571		0.333632		0.333511		0.325706		0.325238		0.326175		0.982666
254868		0.332881		0.332888		0.332873		0.32971		0.329515		0.329906		0.993026
254904		0.332941		0.332955		0.332927		0.319998		0.319231		0.320767		0.971365
254924		0.333294		0.333335		0.333252		0.318171		0.317263		0.31908		0.966512
254929		0.33285		0.33286		0.332866		0.325679		0.325092		0.326294		0.984189
254945		0.355871		0.3568		0.354899		0.00204127		0.00134147		0.00310684		0.012343
254953		0.332811		0.332814		0.332807		0.329428		0.329174		0.329683		0.992559
254967		0.33306		0.333082		0.333039		0.313564		0.31243		0.314701		0.956700
254991		0.332941		0.332956		0.332927		0.32002		0.319229		0.320813		0.971413
255011		0.333636		0.333711		0.333562		0.310258		0.30872		0.311801		0.947995
255036		0.33283		0.332834		0.332826		0.329474		0.32926		0.329688		0.992617
255049		0.332848		0.33285		0.332848		0.331883		0.331824		0.331943		0.997879
255059		0.333834		0.333917		0.333752		0.293326		0.290848		0.29582		0.908966
255064		0.333211		0.333237		0.333184		0.329196		0.32899		0.329403		0.991168
255070		0.333736		0.333803		0.33367		0.320243		0.319497		0.320991		0.970166
255080		0.332848		0.332856		0.33284		0.327076		0.326637		0.327514		0.987283
255093		0.332947		0.332964		0.33293		0.318331		0.317349		0.319315		0.967630
255096		0.333154		0.333187		0.33312		0.304139		0.302301		0.305983		0.935193
