Dataset 	CL_b 		CL_b_up 		CL_b_do 		CL_s+b 		CL_s+b_up 		CL_s+b_do 		CL_exp\\ 
254601		0.373414		0.374221		0.372575		0.145501		0.135545		0.156067		0.463495
254602		0.367808		0.368164		0.367461		0.229917		0.222649		0.237351		0.688084
254603		0.378639		0.379371		0.377906		0.120953		0.11169		0.130956		0.389139
254604		0.367472		0.367717		0.367268		0.269911		0.263819		0.276114		0.783679
254605		0.391501		0.392685		0.390326		0.219559		0.213727		0.225701		0.618291
254606		0.372814		0.373424		0.372077		0.15491		0.145057		0.165284		0.489445
254608		0.379211		0.379924		0.378489		0.111412		0.102831		0.120691		0.362032
254609		0.382502		0.383362		0.381618		0.0898368		0.0816466		0.0988282		0.297020
254610		0.37054		0.370804		0.370268		0.240429		0.232966		0.248063		0.708033
254611		0.381965		0.382967		0.381175		0.11647		0.10761		0.12626		0.372127
254612		0.37554		0.375921		0.375166		0.206872		0.198664		0.215382		0.617000
254613		0.363121		0.363132		0.363111		0.358806		0.358551		0.359063		0.990806
254617		0.372548		0.373027		0.37173		0.189604		0.181326		0.197961		0.579412
254618		0.37836		0.379064		0.377621		0.122702		0.113508		0.132605		0.394328
254619		0.380556		0.380985		0.38028		0.181581		0.173973		0.189577		0.544956
254620		0.369475		0.369811		0.369139		0.226054		0.218804		0.233478		0.675464
254622		0.367298		0.367555		0.367069		0.27253		0.265972		0.279208		0.790115
254625		0.386897		0.387745		0.38597		0.054371		0.0485842		0.0609404		0.188020
254626		0.371748		0.37199		0.371523		0.22951		0.222368		0.236832		0.679434
254628		0.373625		0.374009		0.373301		0.218442		0.210956		0.226168		0.648967
254630		0.374417		0.374918		0.373923		0.173904		0.165807		0.182348		0.536133
254632		0.370034		0.370516		0.369558		0.269142		0.264213		0.274161		0.776680
254633		0.370754		0.371001		0.370491		0.238611		0.231389		0.245992		0.703263
254634		0.365425		0.365557		0.365306		0.294548		0.290394		0.298747		0.844491
254636		0.371032		0.371321		0.370736		0.236337		0.227897		0.245004		0.697265
254638		0.381593		0.382423		0.380791		0.10126		0.0929113		0.110489		0.330501
254639		0.364211		0.364276		0.364148		0.313185		0.310394		0.315992		0.888962
254641		0.369675		0.370036		0.369318		0.221397		0.214015		0.228965		0.663729
254645		0.370597		0.370838		0.37035		0.240019		0.23321		0.24697		0.706939
254646		0.370729		0.370951		0.370493		0.238789		0.232309		0.245396		0.703739
254647		0.369698		0.369949		0.369448		0.248052		0.241403		0.254831		0.727856
254648		0.36829		0.368563		0.368025		0.248797		0.242132		0.255589		0.732429
254649		0.366689		0.366949		0.366428		0.260611		0.254402		0.266918		0.763546
254650		0.385149		0.386144		0.384204		0.0517214		0.0450806		0.0594035		0.181418
254652		0.365061		0.365173		0.364954		0.301887		0.298269		0.305534		0.861850
254654		0.385759		0.386748		0.384821		0.0621545		0.055152		0.0701436		0.212564
254656		0.363669		0.363746		0.363594		0.325962		0.323376		0.328561		0.918421
254659		0.363732		0.363804		0.363661		0.315312		0.312085		0.318559		0.894709
254660		0.379412		0.379765		0.378981		0.187203		0.178851		0.195926		0.561090
254663		0.381422		0.382451		0.38041		0.0813804		0.0721429		0.0918765		0.273912
254665		0.380604		0.381362		0.37984		0.106188		0.0975657		0.115584		0.345598
254666		0.379716		0.380339		0.379088		0.133135		0.124634		0.14222		0.420552
254667		0.388566		0.389333		0.38762		0.031531		0.0270447		0.0368355		0.115096
254669		0.371351		0.371582		0.371114		0.233484		0.226471		0.240656		0.689787
254671		0.384883		0.385608		0.384131		0.079087		0.0721091		0.0868227		0.263329
254673		0.369487		0.369758		0.369216		0.235129		0.228669		0.24172		0.697390
254674		0.370523		0.370801		0.370242		0.24534		0.23883		0.251982		0.719777
254681		0.362971		0.362959		0.362986		0.360696		0.360536		0.360858		0.995155
254682		0.362927		0.362918		0.362937		0.359875		0.359636		0.360116		0.993500
254684		0.369036		0.36955		0.368532		0.311653		0.308488		0.314864		0.875433
254686		0.362944		0.362935		0.362954		0.360221		0.360046		0.360397		0.994201
254690		0.363537		0.363585		0.363489		0.327789		0.325258		0.330332		0.922722
254693		0.362808		0.362814		0.362802		0.356314		0.355859		0.35677		0.986146
254694		0.36286		0.362868		0.362852		0.354699		0.354189		0.355209		0.982575
254696		0.363665		0.363722		0.36361		0.324635		0.321787		0.327498		0.915505
254700		0.362847		0.362854		0.36284		0.353915		0.353381		0.354449		0.980922
254707		0.362878		0.362886		0.362869		0.351888		0.351262		0.352514		0.976505
254719		0.362876		0.362872		0.362882		0.358904		0.358643		0.359166		0.991535
254720		0.362838		0.362845		0.36283		0.354549		0.353971		0.355129		0.982302
254721		0.362857		0.362867		0.362846		0.352013		0.351264		0.352764		0.976819
254722		0.363042		0.363073		0.363021		0.335427		0.333685		0.337186		0.940505
254723		0.362863		0.362795		0.362867		0.358309		0.357952		0.358603		0.990295
254724		0.362975		0.362997		0.362953		0.344105		0.342705		0.34551		0.959512
254725		0.362837		0.362846		0.362829		0.352335		0.351706		0.352965		0.977552
254733		0.362875		0.362888		0.362861		0.348299		0.347352		0.349248		0.968786
254736		0.362816		0.362822		0.362811		0.356126		0.355706		0.356545		0.985723
254738		0.362895		0.362905		0.362884		0.351013		0.350266		0.351762		0.974589
254754		0.384071		0.384913		0.383086		0.0715288		0.0638953		0.0801289		0.242125
254755		0.362852		0.362859		0.362845		0.353575		0.353069		0.354082		0.980182
254756		0.362829		0.362836		0.362821		0.354356		0.353819		0.354892		0.981906
254757		0.363998		0.364072		0.363926		0.317256		0.313884		0.320651		0.898472
254758		0.362816		0.362821		0.362811		0.356218		0.355843		0.356594		0.985924
254759		0.36384		0.36394		0.363745		0.307106		0.30328		0.310964		0.876146
254761		0.377873		0.378544		0.377167		0.125975		0.117011		0.135586		0.403969
254762		0.362815		0.362821		0.362809		0.35671		0.356283		0.357138		0.986977
254764		0.364348		0.36442		0.364277		0.311684		0.308774		0.314613		0.885326
254766		0.480676		0.500004		0.481863		0.480649		0.5		0.481836		0.999945
254768		0.362856		0.362865		0.362848		0.351865		0.351215		0.352517		0.976502
254772		0.363277		0.363321		0.363234		0.324702		0.322521		0.326891		0.916473
254774		0.363074		0.363102		0.363047		0.338535		0.336938		0.340138		0.947210
254778		0.362802		0.362808		0.362797		0.357331		0.356921		0.357742		0.988334
254781		0.362921		0.362932		0.36291		0.351299		0.350613		0.351985		0.975147
254783		0.362945		0.362967		0.362924		0.34314		0.341871		0.344413		0.957484
254785		0.362859		0.36287		0.362849		0.350959		0.350232		0.351687		0.974546
254787		0.36294		0.362957		0.362924		0.346722		0.345668		0.347778		0.965244
254788		0.362831		0.362837		0.362825		0.355108		0.354658		0.355558		0.983513
254790		0.362813		0.362819		0.362808		0.356419		0.356024		0.356813		0.986358
254796		0.36495		0.365094		0.364811		0.287261		0.282736		0.291831		0.828873
254798		0.362827		0.362834		0.362819		0.355339		0.354782		0.355898		0.984019
254800		0.362873		0.362867		0.36288		0.358852		0.35854		0.359165		0.991432
254802		0.363869		0.363925		0.363815		0.319893		0.317248		0.322552		0.904592
254808		0.362932		0.362945		0.36292		0.348953		0.348075		0.349833		0.970074
254820		0.396862		0.398626		0.39499		0.324376		0.321726		0.327109		0.846160
254943		0.380342		0.381215		0.379429		0.0777788		0.0697181		0.086727		0.264598
254944		0.374302		0.374946		0.373607		0.157179		0.147467		0.167428		0.492939
254980		0.368397		0.368508		0.368148		0.262765		0.256563		0.268981		0.765137
254981		0.362826		0.362837		0.362815		0.354087		0.353244		0.354932		0.981337
254998		0.362815		0.36282		0.362809		0.356306		0.355885		0.356727		0.986113
255000		0.362879		0.362893		0.362865		0.348264		0.347308		0.349222		0.968702
Dataset 	CL_b 		CL_b_up 		CL_b_do 		CL_s+b 		CL_s+b_up 		CL_s+b_do 		CL_exp\\ 
254818		0.362808		0.362814		0.362803		0.357009		0.356605		0.357413		0.987630
254819		0.372251		0.373416		0.371188		0.307753		0.304347		0.311303		0.860034
254827		0.362938		0.362928		0.362949		0.360286		0.360111		0.360462		0.994353
254837		0.362817		0.362823		0.362812		0.35609		0.355669		0.356511		0.985645
254842		0.362926		0.362941		0.362912		0.347368		0.346411		0.348326		0.966667
254843		0.362893		0.362907		0.36288		0.347221		0.346293		0.34815		0.966420
254844		0.362891		0.362885		0.362898		0.359416		0.359201		0.359632		0.992597
254847		0.363003		0.363019		0.362987		0.357063		0.356716		0.357409		0.987331
254850		0.362848		0.362857		0.362839		0.35385		0.35317		0.35453		0.980780
254851		0.362877		0.362887		0.362866		0.350477		0.349725		0.351229		0.973472
254856		0.362898		0.362911		0.362885		0.352532		0.351751		0.353314		0.977845
254857		0.362893		0.362886		0.362901		0.359539		0.359313		0.359767		0.992857
254862		0.362864		0.362874		0.362854		0.352894		0.352152		0.353637		0.978695
254863		0.362812		0.362817		0.362806		0.357045		0.356669		0.357422		0.987701
254870		0.362809		0.362814		0.362804		0.356748		0.356364		0.357132		0.987073
254871		0.362807		0.362812		0.362802		0.356894		0.356548		0.35724		0.987388
254873		0.363267		0.363293		0.36323		0.337722		0.335834		0.339604		0.945030
254881		0.362849		0.362856		0.362841		0.353756		0.3532		0.354313		0.980577
254883		0.363125		0.363102		0.363151		0.361688		0.361563		0.361817		0.996943
254884		0.363645		0.363688		0.363602		0.325094		0.322887		0.32731		0.916561
254888		0.363059		0.363037		0.363085		0.361428		0.36128		0.361579		0.996527
254890		0.363229		0.363272		0.363187		0.331526		0.329233		0.33383		0.931578
254892		0.363102		0.363123		0.363072		0.337794		0.336076		0.339505		0.945536
254893		0.362956		0.362972		0.362939		0.345538		0.34447		0.346608		0.962651
254894		0.364158		0.364067		0.364264		0.36378		0.363664		0.363912		0.999198
254897		0.362928		0.362942		0.362914		0.346802		0.345847		0.347759		0.965442
254898		0.363001		0.362985		0.363021		0.360957		0.360785		0.361131		0.995647
254906		0.362862		0.362796		0.362866		0.358247		0.357892		0.35854		0.990163
254908		0.36307		0.3631		0.36304		0.338696		0.337227		0.340168		0.947569
254912		0.362837		0.362844		0.36283		0.35376		0.353236		0.354285		0.980611
254916		0.362861		0.362873		0.36285		0.350721		0.349917		0.351525		0.974029
254918		0.362868		0.362878		0.362858		0.351427		0.350709		0.352146		0.975534
254926		0.362871		0.362867		0.362876		0.358658		0.358391		0.358926		0.991021
254931		0.362872		0.362867		0.362879		0.358808		0.358494		0.359124		0.991340
254933		0.362975		0.362995		0.362954		0.345764		0.344674		0.346855		0.963100
254934		0.362828		0.362834		0.362821		0.356522		0.356122		0.356922		0.986548
254935		0.362902		0.362899		0.362908		0.359084		0.358849		0.359319		0.991863
254936		0.362972		0.362992		0.362953		0.34439		0.343136		0.345647		0.960133
254937		0.362867		0.362863		0.362872		0.358542		0.358258		0.358826		0.990782
254940		0.362877		0.362886		0.362869		0.352553		0.351965		0.353143		0.977936
254951		0.362804		0.362808		0.362799		0.356564		0.356216		0.356912		0.986688
254952		0.362863		0.362799		0.362867		0.358173		0.357798		0.358489		0.990004
254956		0.363059		0.363078		0.36304		0.343072		0.341879		0.344267		0.957095
254960		0.36287		0.362883		0.362858		0.349684		0.34878		0.350589		0.971779
254963		0.362818		0.362823		0.362812		0.356081		0.355676		0.356486		0.985626
254964		0.362863		0.362795		0.362867		0.358324		0.357993		0.35859		0.990325
254969		0.362869		0.362864		0.362875		0.358654		0.358329		0.358981		0.991018
254970		0.363423		0.363468		0.363379		0.331045		0.328639		0.333461		0.930111
254972		0.36311		0.363132		0.363077		0.337213		0.335331		0.33909		0.944255
254973		0.363176		0.363158		0.363199		0.361646		0.361509		0.361788		0.996745
254974		0.36308		0.363105		0.363057		0.34043		0.338991		0.341874		0.951318
254988		0.362829		0.362835		0.362823		0.355743		0.355294		0.356193		0.984878
254990		0.36285		0.362858		0.362842		0.35422		0.353669		0.354771		0.981570
254993		0.362847		0.362856		0.362839		0.35274		0.352121		0.353359		0.978399
254994		0.369174		0.368779		0.369621		0.369088		0.368687		0.36954		0.999818
255001		0.362853		0.362861		0.362845		0.35352		0.352958		0.354083		0.980063
255003		0.362794		0.362799		0.362858		0.357757		0.357395		0.358188		0.989261
255005		0.362876		0.362885		0.362867		0.352049		0.351391		0.352708		0.976856
255006		0.363017		0.363002		0.363034		0.361133		0.361005		0.361262		0.995989
255008		0.362807		0.362812		0.362802		0.356931		0.356574		0.357288		0.987467
255012		0.362816		0.362822		0.362811		0.355431		0.355		0.355863		0.984237
255018		0.362891		0.362902		0.362881		0.351375		0.350645		0.352106		0.975373
255019		0.362996		0.362983		0.363012		0.360956		0.36082		0.361094		0.995657
255024		0.363582		0.36365		0.363516		0.350784		0.349891		0.35168		0.972634
255027		0.36291		0.362923		0.362897		0.350044		0.349116		0.350974		0.972470
255028		0.362853		0.362863		0.362842		0.351981		0.351286		0.352676		0.976758
255033		0.36286		0.362868		0.362851		0.35317		0.352562		0.353778		0.979297
255040		0.362883		0.362892		0.362874		0.352143		0.351526		0.35276		0.977042
255043		0.362902		0.362912		0.362892		0.350455		0.349731		0.35118		0.973373
255048		0.362898		0.36289		0.362907		0.359666		0.35945		0.359883		0.993117
255056		0.363167		0.363192		0.363142		0.340943		0.339629		0.34226		0.952247
255062		0.362815		0.362821		0.362809		0.35629		0.355846		0.356733		0.986078
255075		0.362843		0.362853		0.362833		0.352953		0.352219		0.353687		0.978866
255078		0.362812		0.362817		0.362808		0.356506		0.356141		0.356871		0.986547
255082		0.36286		0.362871		0.36285		0.351216		0.3505		0.351934		0.975098
255083		0.363071		0.363092		0.36305		0.343207		0.341945		0.344472		0.957362
255084		0.362859		0.362867		0.362851		0.353178		0.352588		0.353769		0.979315
255086		0.363063		0.363087		0.36304		0.339159		0.337762		0.34056		0.948591
255087		0.362847		0.362854		0.36284		0.353879		0.353354		0.354403		0.980844
255089		0.362857		0.362867		0.362848		0.353184		0.352465		0.353904		0.979331
255095		0.362909		0.362922		0.362896		0.35035		0.349422		0.35128		0.973130
255098		0.362834		0.362841		0.362827		0.354835		0.354312		0.355358		0.982922
Dataset 	CL_b 		CL_b_up 		CL_b_do 		CL_s+b 		CL_s+b_up 		CL_s+b_do 		CL_exp\\ 
254624		0.381327		0.381758		0.380864		0.18325		0.175691		0.191149		0.547806
254640		0.36862		0.368727		0.368403		0.258945		0.252705		0.265216		0.755733
254642		0.364277		0.364351		0.364205		0.312496		0.309412		0.315599		0.887286
254664		0.374758		0.375323		0.374267		0.169951		0.161624		0.178671		0.525375
254668		0.366838		0.367095		0.366641		0.262876		0.257243		0.268636		0.768557
254692		0.362991		0.363008		0.362975		0.346218		0.345147		0.347292		0.964046
254728		0.362805		0.36281		0.362801		0.357081		0.356745		0.357417		0.987791
254730		0.362939		0.362954		0.362924		0.346911		0.34594		0.347884		0.965655
254741		0.36281		0.362815		0.362805		0.356683		0.35632		0.357046		0.986931
254751		0.362902		0.362912		0.362892		0.352324		0.351713		0.352936		0.977392
254777		0.363068		0.363093		0.363044		0.343096		0.341605		0.34459		0.957126
254795		0.362859		0.362867		0.362851		0.353134		0.352531		0.353736		0.979220
254799		0.363621		0.363586		0.363661		0.362902		0.362825		0.362985		0.998472
254801		0.379619		0.380532		0.378673		0.0826653		0.073881		0.0924335		0.279749
254807		0.379057		0.379934		0.378125		0.157841		0.149855		0.166264		0.486798
254816		0.363896		0.363948		0.363844		0.319409		0.316934		0.321898		0.903465
254826		0.36287		0.362883		0.362857		0.349416		0.348499		0.350334		0.971203
254852		0.362864		0.362798		0.362869		0.358262		0.357893		0.35857		0.990190
254868		0.362903		0.36292		0.362886		0.346289		0.345183		0.347397		0.964388
254904		0.363747		0.363812		0.363682		0.358399		0.358128		0.358671		0.988607
254924		0.362798		0.362803		0.362794		0.357641		0.357293		0.357988		0.989003
254929		0.36292		0.362932		0.362907		0.349495		0.348595		0.350397		0.971269
254945		0.365576		0.3658		0.365359		0.285811		0.28075		0.290937		0.824258
254975		0.362881		0.362894		0.362868		0.34877		0.347888		0.349653		0.969787
254979		0.370116		0.370401		0.369832		0.248802		0.242256		0.255479		0.728804
254992		0.362806		0.362811		0.362801		0.356991		0.356647		0.357335		0.987597
255049		0.362895		0.362909		0.362881		0.347677		0.346703		0.348653		0.967401
255093		0.362825		0.36283		0.362819		0.355739		0.355328		0.35615		0.984878
