Dataset 	CL_b 	CL_b_up 	CL_b_do 	CL_s+b 	CL_s+b_up 	CL_s+b_do	  \\ 
254601	0.674377	0.673866	0.674973	0.318452	0.29772	0.340135
254602	0.675398	0.674923	0.675877	0.358051	0.337093	0.379721
254603	0.608881	0.617723	0.599932	0.5	0.5	0.5
254604	0.670758	0.670359	0.671158	0.39379	0.37519	0.412887
254605	0.647685	0.646428	0.648916	0.147008	0.132145	0.163588
254606	0.666017	0.664926	0.667131	0.190671	0.169967	0.213536
254607	0.65934	0.658442	0.660199	0.132769	0.115483	0.152345
254608	0.655629	0.654747	0.656599	0.0998268	0.086465	0.115175
254609	0.641545	0.640201	0.64299	0.0155781	0.0122016	0.0199789
254610	0.658983	0.658541	0.659422	0.318341	0.299815	0.337756
254611	0.646805	0.645463	0.648202	0.0277909	0.021996	0.0352568
254612	0.658656	0.658139	0.659177	0.247579	0.229659	0.26669
254613	0.671786	0.671157	0.672418	0.289997	0.267589	0.313669
254614	0.65637	0.655614	0.657116	0.17836	0.160709	0.197779
254615	0.645601	0.644167	0.647067	0.00595746	0.00429771	0.0083143
254617	0.652784	0.651651	0.653954	0.0457121	0.0370525	0.056392
254618	0.654833	0.653244	0.656091	0.315176	0.298499	0.332641
254619	0.639875	0.638403	0.641404	0.0166445	0.0131413	0.0212329
254620	0.673921	0.673654	0.674641	0.458831	0.445234	0.473098
254621	0.523672	0.525304	0.521979	0.5	0.5	0.5
254622	0.656175	0.655197	0.657182	0.0836785	0.0708671	0.0987285
254623	0.65711	0.656542	0.657682	0.196961	0.180952	0.214269
254625	0.644475	0.643447	0.64545	0.0735921	0.0634917	0.0854573
254626	0.657509	0.65657	0.658483	0.211964	0.192216	0.233506
254627	0.677609	0.677534	0.676473	0.486822	0.472433	0.5
254628	0.643877	0.642385	0.645395	0.00991992	0.00748295	0.0132492
254629	0.660457	0.659718	0.661205	0.206483	0.186899	0.227807
254630	0.655903	0.65494	0.656886	0.112044	0.097262	0.128945
254631	0.655353	0.654332	0.656412	0.0708103	0.0595783	0.084114
254632	0.640729	0.648424	0.632942	0.5	0.5	0.5
254633	0.64143	0.639725	0.643214	0.269838	0.252514	0.288643
254634	0.650537	0.649295	0.651754	0.0271836	0.0213945	0.0345978
254635	0.672059	0.671447	0.67267	0.290288	0.268556	0.313217
254636	0.548071	0.551224	0.544915	0.5	0.5	0.5
254637	0.649443	0.648139	0.650735	0.0661836	0.0557674	0.0786431
254638	0.643092	0.641768	0.644467	0.00418223	0.0029879	0.00589878
254639	0.627752	0.636606	0.618777	0.5	0.5	0.5
254641	0.667267	0.666905	0.667907	0.29554	0.275756	0.316645
254643	0.651669	0.661173	0.641987	0.5	0.5	0.5
254644	0.669456	0.668949	0.670051	0.36605	0.347322	0.385555
254645	0.651613	0.650511	0.652806	0.0498245	0.0408983	0.0607588
254646	0.641013	0.639721	0.642341	0.00792938	0.00611024	0.0103657
254647	0.649338	0.648162	0.650541	0.0700195	0.0592173	0.0828489
254648	0.673451	0.672871	0.674371	0.467259	0.454067	0.481062
254649	0.668491	0.667525	0.669466	0.332366	0.312254	0.353538
254650	0.665786	0.665584	0.666361	0.343132	0.323687	0.363783
254651	0.658461	0.658061	0.658861	0.314988	0.298221	0.332497
254652	0.655723	0.654651	0.656758	0.0454801	0.0368638	0.0560719
254653	0.672299	0.671703	0.672987	0.351534	0.332835	0.370969
254654	0.660474	0.659793	0.661157	0.228635	0.208488	0.250389
254655	0.648259	0.647026	0.649547	0.0310948	0.0248631	0.0389399
254656	0.662814	0.662084	0.663555	0.161337	0.14302	0.181652
254657	0.649776	0.648552	0.651049	0.0599377	0.0496784	0.0723608
254658	0.675888	0.675577	0.676517	0.463156	0.447307	0.479567
254659	0.577228	0.58192	0.572561	0.5	0.5	0.5
254662	0.667465	0.666989	0.667938	0.358267	0.339426	0.377748
254663	0.650554	0.64956	0.651587	0.0828326	0.0713066	0.0962896
254665	0.650694	0.649561	0.651839	0.0367182	0.0297428	0.0453998
254666	0.65399	0.653129	0.654877	0.112991	0.0995185	0.128282
254667	0.65441	0.653389	0.655462	0.095955	0.0826184	0.111393
254669	0.650731	0.649353	0.652103	0.220325	0.20485	0.237179
254670	0.668714	0.668287	0.669217	0.357957	0.340472	0.376181
254671	0.655732	0.6547	0.656773	0.2482	0.22969	0.268076
254672	0.64893	0.647819	0.650134	0.251588	0.234416	0.270189
254673	0.660531	0.659455	0.66172	0.375484	0.36057	0.390988
254674	0.509128	0.509541	0.508549	0.5	0.5	0.5
254675	0.552943	0.555998	0.549882	0.5	0.5	0.5
254677	0.555228	0.558776	0.551668	0.5	0.5	0.5
254678	0.662554	0.671946	0.65298	0.5	0.5	0.5
254679	0.526885	0.528913	0.524855	0.5	0.5	0.5
254680	0.553121	0.556688	0.549539	0.5	0.5	0.5
254681	0.55827	0.561887	0.554642	0.5	0.5	0.5
254682	0.576296	0.581404	0.571159	0.5	0.5	0.5
254683	0.545658	0.548622	0.542687	0.5	0.5	0.5
254684	0.67594	0.675527	0.676356	0.368149	0.349132	0.38772
254685	0.573852	0.578627	0.569051	0.5	0.5	0.5
254686	0.533109	0.535105	0.531111	0.5	0.5	0.5
254687	0.554211	0.557603	0.550801	0.5	0.5	0.5
254688	0.618908	0.626386	0.611345	0.5	0.5	0.5
254690	0.529064	0.531207	0.52692	0.5	0.5	0.5
254691	0.625836	0.63345	0.618135	0.5	0.5	0.5
254693	0.602646	0.609039	0.596205	0.5	0.5	0.5
254694	0.53797	0.540404	0.535532	0.5	0.5	0.5
254695	0.564871	0.56925	0.56047	0.5	0.5	0.5
254696	0.677897	0.677837	0.677955	0.48764	0.476348	0.499013
254697	0.538918	0.541353	0.536478	0.5	0.5	0.5
254698	0.551785	0.555023	0.548539	0.5	0.5	0.5
254699	0.557407	0.56093	0.553868	0.5	0.5	0.5
254700	0.547717	0.550705	0.544722	0.5	0.5	0.5
254701	0.665658	0.674996	0.656164	0.5	0.5	0.5
254702	0.553124	0.556447	0.549783	0.5	0.5	0.5
254703	0.580786	0.585879	0.575665	0.5	0.5	0.5
254704	0.511842	0.512549	0.511134	0.5	0.5	0.5
254705	0.531502	0.533511	0.529492	0.5	0.5	0.5
254706	0.549406	0.552636	0.546169	0.5	0.5	0.5
254707	0.55146	0.554797	0.548115	0.5	0.5	0.5
254708	0.623273	0.630915	0.615542	0.5	0.5	0.5
254709	0.588411	0.593957	0.582828	0.5	0.5	0.5
254710	0.668391	0.674538	0.65823	0.5	0.495841	0.5
254711	0.578767	0.58385	0.573659	0.5	0.5	0.5
254712	0.572546	0.577062	0.568009	0.5	0.5	0.5
254714	0.57679	0.581646	0.571904	0.5	0.5	0.5
254716	0.577743	0.583504	0.571952	0.5	0.5	0.5
254717	0.537651	0.539922	0.535375	0.5	0.5	0.5
254718	0.513511	0.514343	0.512677	0.5	0.5	0.5
254719	0.513801	0.514696	0.512905	0.5	0.5	0.5
254720	0.511058	0.511845	0.51028	0.5	0.5	0.5
254721	0.583919	0.588974	0.578838	0.5	0.5	0.5
254722	0.577019	0.581962	0.572055	0.5	0.5	0.5
254723	0.571357	0.57581	0.566884	0.5	0.5	0.5
254724	0.550412	0.553397	0.54742	0.5	0.5	0.5
254725	0.598173	0.604501	0.591798	0.5	0.5	0.5
254726	0.537039	0.539188	0.534885	0.5	0.5	0.5
254727	0.573172	0.577663	0.568661	0.5	0.5	0.5
254729	0.533358	0.535475	0.53124	0.5	0.5	0.5
254731	0.515083	0.516206	0.513959	0.5	0.5	0.5
254733	0.591135	0.59683	0.585404	0.5	0.5	0.5
254734	0.560027	0.563813	0.55623	0.5	0.5	0.5
254735	0.676424	0.675847	0.676473	0.478681	0.465699	0.491195
254736	0.539051	0.541614	0.536483	0.5	0.5	0.5
254738	0.554612	0.558034	0.551178	0.5	0.5	0.5
254739	0.53954	0.542181	0.536901	0.5	0.5	0.5
254740	0.525134	0.526775	0.523491	0.5	0.5	0.5
254742	0.552984	0.556562	0.549396	0.5	0.5	0.5
254743	0.564208	0.568147	0.560252	0.5	0.5	0.5
254744	0.519756	0.520964	0.518547	0.5	0.5	0.5
254748	0.579824	0.584861	0.574766	0.5	0.5	0.5
254752	0.5685	0.572761	0.564222	0.5	0.5	0.5
254754	0.649078	0.647859	0.650365	0.104675	0.0917288	0.119573
254755	0.548271	0.551415	0.545118	0.5	0.5	0.5
254756	0.566173	0.570309	0.562016	0.5	0.5	0.5
254757	0.582873	0.588848	0.576854	0.5	0.5	0.5
254758	0.561278	0.56515	0.557394	0.5	0.5	0.5
254759	0.65467	0.664761	0.644403	0.5	0.5	0.5
254760	0.522316	0.523679	0.520951	0.5	0.5	0.5
254761	0.661947	0.66119	0.662717	0.140437	0.123481	0.159421
254762	0.555217	0.558827	0.551593	0.5	0.5	0.5
254763	0.503459	0.503672	0.503247	0.5	0.5	0.5
254764	0.595758	0.602054	0.589417	0.5	0.5	0.5
254765	0.537163	0.539607	0.534716	0.5	0.5	0.5
254766	0.531203	0.533189	0.529213	0.5	0.5	0.5
254767	0.530796	0.533007	0.52858	0.5	0.5	0.5
254768	0.565074	0.569192	0.560939	0.5	0.5	0.5
254769	0.541623	0.544362	0.53888	0.5	0.5	0.5
254772	0.555863	0.559463	0.55225	0.5	0.5	0.5
254773	0.550501	0.553808	0.547185	0.5	0.5	0.5
254774	0.533495	0.535624	0.531364	0.5	0.5	0.5
254780	0.561335	0.565219	0.557437	0.5	0.5	0.5
254786	0.562386	0.566157	0.558604	0.5	0.5	0.5
254789	0.529146	0.53094	0.527352	0.5	0.5	0.5
254791	0.552123	0.555259	0.54898	0.5	0.5	0.5
254792	0.60028	0.606592	0.593921	0.5	0.5	0.5
254794	0.55472	0.558263	0.551165	0.5	0.5	0.5
254796	0.510772	0.511478	0.510066	0.5	0.5	0.5
254797	0.675069	0.674639	0.675502	0.366473	0.346766	0.386793
254798	0.568637	0.573172	0.564081	0.5	0.5	0.5
254800	0.555326	0.558908	0.551728	0.5	0.5	0.5
254803	0.547554	0.550661	0.54444	0.5	0.5	0.5
254804	0.588487	0.594316	0.582622	0.5	0.5	0.5
254805	0.528918	0.530914	0.52692	0.5	0.5	0.5
254808	0.565262	0.569292	0.561216	0.5	0.5	0.5
254811	0.566215	0.570462	0.561949	0.5	0.5	0.5
254815	0.587857	0.593353	0.582328	0.5	0.5	0.5
254822	0.55236	0.555684	0.549028	0.5	0.5	0.5
254823	0.550299	0.553558	0.547031	0.5	0.5	0.5
254824	0.596649	0.602895	0.590357	0.5	0.5	0.5
254828	0.526263	0.527941	0.524583	0.5	0.5	0.5
254829	0.585206	0.590861	0.579518	0.5	0.5	0.5
254832	0.546398	0.549278	0.543511	0.5	0.5	0.5
254833	0.52781	0.529791	0.525826	0.5	0.5	0.5
254834	0.564804	0.568984	0.560605	0.5	0.5	0.5
254837	0.564496	0.568426	0.560548	0.5	0.5	0.5
254839	0.544299	0.54692	0.54168	0.5	0.5	0.5
254841	0.530951	0.533253	0.528643	0.5	0.5	0.5
254842	0.540421	0.543054	0.537781	0.5	0.5	0.5
254844	0.652434	0.650918	0.654014	0.256881	0.2412	0.273742
254845	0.560576	0.564294	0.556848	0.5	0.5	0.5
254846	0.536318	0.538696	0.533936	0.5	0.5	0.5
254847	0.584173	0.589489	0.578827	0.5	0.5	0.5
254850	0.521147	0.522501	0.519792	0.5	0.5	0.5
254851	0.535527	0.537974	0.533075	0.5	0.5	0.5
254855	0.54881	0.551937	0.545674	0.5	0.5	0.5
254856	0.596643	0.602131	0.591122	0.5	0.5	0.5
254857	0.564356	0.568483	0.560213	0.5	0.5	0.5
254858	0.590175	0.596137	0.584172	0.5	0.5	0.5
254859	0.569568	0.573851	0.565266	0.5	0.5	0.5
254860	0.582761	0.588205	0.577285	0.5	0.5	0.5
254861	0.573022	0.577535	0.568486	0.5	0.5	0.5
254862	0.566214	0.570299	0.562109	0.5	0.5	0.5
254863	0.529004	0.53086	0.527146	0.5	0.5	0.5
254864	0.553457	0.556862	0.550043	0.5	0.5	0.5
254865	0.564438	0.568385	0.560475	0.5	0.5	0.5
254866	0.543227	0.546104	0.540344	0.5	0.5	0.5
254867	0.590909	0.596666	0.585113	0.5	0.5	0.5
254869	0.508781	0.509462	0.5081	0.5	0.5	0.5
254870	0.564309	0.568463	0.560138	0.5	0.5	0.5
254871	0.548359	0.55157	0.54514	0.5	0.5	0.5
254872	0.572311	0.577256	0.567342	0.5	0.5	0.5
254873	0.530791	0.532791	0.528788	0.5	0.5	0.5
254874	0.590465	0.596132	0.58476	0.5	0.5	0.5
254875	0.562115	0.566414	0.557801	0.5	0.5	0.5
254876	0.55372	0.557016	0.550416	0.5	0.5	0.5
254879	0.548373	0.551437	0.5453	0.5	0.5	0.5
254881	0.566671	0.571159	0.562162	0.5	0.5	0.5
254882	0.539877	0.542363	0.537385	0.5	0.5	0.5
254883	0.572126	0.577103	0.567123	0.5	0.5	0.5
254884	0.676918	0.676606	0.677232	0.420533	0.405349	0.435967
254885	0.549375	0.552575	0.546166	0.5	0.5	0.5
254886	0.535017	0.537328	0.532701	0.5	0.5	0.5
254887	0.586448	0.591802	0.581062	0.5	0.5	0.5
254888	0.563524	0.567539	0.559493	0.5	0.5	0.5
254889	0.523405	0.524969	0.52184	0.5	0.5	0.5
254890	0.63543	0.643955	0.626792	0.5	0.5	0.5
254891	0.546871	0.549589	0.544148	0.5	0.5	0.5
254892	0.574242	0.578541	0.569917	0.5	0.5	0.5
254893	0.539292	0.541876	0.536702	0.5	0.5	0.5
254894	0.548488	0.5515	0.545468	0.5	0.5	0.5
254895	0.536758	0.538923	0.534585	0.5	0.5	0.5
254896	0.678538	0.678262	0.679049	0.468663	0.454879	0.482848
254897	0.563365	0.567393	0.559319	0.5	0.5	0.5
254898	0.5755	0.580124	0.570856	0.5	0.5	0.5
254899	0.547013	0.549875	0.544145	0.5	0.5	0.5
254900	0.525301	0.526856	0.523743	0.5	0.5	0.5
254901	0.53146	0.533505	0.52941	0.5	0.5	0.5
254902	0.545727	0.548703	0.54274	0.5	0.5	0.5
254903	0.56995	0.574494	0.565386	0.5	0.5	0.5
254905	0.536574	0.539022	0.534121	0.5	0.5	0.5
254906	0.563721	0.56769	0.559732	0.5	0.5	0.5
254907	0.534039	0.536276	0.531801	0.5	0.5	0.5
254908	0.595526	0.60152	0.589492	0.5	0.5	0.5
254909	0.560922	0.564715	0.557118	0.5	0.5	0.5
254910	0.663568	0.66233	0.655397	0.498309	0.486715	0.5
254911	0.561105	0.564951	0.557247	0.5	0.5	0.5
254912	0.587555	0.593157	0.581919	0.5	0.5	0.5
254913	0.539204	0.541768	0.536633	0.5	0.5	0.5
254914	0.546157	0.549116	0.543189	0.5	0.5	0.5
254915	0.51478	0.515695	0.513864	0.5	0.5	0.5
254916	0.575786	0.580509	0.571043	0.5	0.5	0.5
254917	0.576215	0.581248	0.571157	0.5	0.5	0.5
254918	0.558486	0.562138	0.554821	0.5	0.5	0.5
254919	0.565183	0.569558	0.560785	0.5	0.5	0.5
254920	0.517343	0.518513	0.516171	0.5	0.5	0.5
254921	0.569452	0.573845	0.565042	0.5	0.5	0.5
254923	0.561581	0.565382	0.55777	0.5	0.5	0.5
254925	0.528291	0.530189	0.526392	0.5	0.5	0.5
254926	0.564782	0.568858	0.560679	0.5	0.5	0.5
254927	0.659438	0.669182	0.649528	0.5	0.5	0.5
254928	0.532784	0.534766	0.530801	0.5	0.5	0.5
254930	0.572643	0.57733	0.567932	0.5	0.5	0.5
254931	0.550827	0.554111	0.547535	0.5	0.5	0.5
254932	0.586297	0.591569	0.580994	0.5	0.5	0.5
254933	0.576669	0.581462	0.57185	0.5	0.5	0.5
254934	0.560069	0.563891	0.556242	0.5	0.5	0.5
254935	0.569925	0.574212	0.56562	0.5	0.5	0.5
254936	0.531587	0.533443	0.529727	0.5	0.5	0.5
254937	0.561585	0.565612	0.557545	0.5	0.5	0.5
254938	0.540487	0.542838	0.538131	0.5	0.5	0.5
254939	0.610475	0.616274	0.60462	0.5	0.5	0.5
254940	0.523511	0.524877	0.522142	0.5	0.5	0.5
254941	0.538551	0.540866	0.536236	0.5	0.5	0.5
254943	0.654058	0.652958	0.655205	0.0200502	0.015305	0.0262456
254944	0.664708	0.663912	0.665484	0.272153	0.253626	0.291793
254946	0.52078	0.522419	0.519139	0.5	0.5	0.5
254947	0.50173	0.501875	0.501585	0.5	0.5	0.5
254948	0.540473	0.543122	0.537819	0.5	0.5	0.5
254949	0.514196	0.515226	0.513166	0.5	0.5	0.5
254950	0.54019	0.542747	0.537628	0.5	0.5	0.5
254951	0.585746	0.590908	0.580555	0.5	0.5	0.5
254952	0.549076	0.552278	0.545865	0.5	0.5	0.5
254954	0.541177	0.543699	0.538652	0.5	0.5	0.5
254955	0.567577	0.571822	0.563307	0.5	0.5	0.5
254956	0.565656	0.569751	0.561542	0.5	0.5	0.5
254957	0.541617	0.544274	0.538952	0.5	0.5	0.5
254959	0.53989	0.542471	0.537377	0.5	0.5	0.5
254960	0.580599	0.585687	0.575486	0.5	0.5	0.5
254961	0.543354	0.546518	0.540182	0.5	0.5	0.5
254962	0.556312	0.559875	0.552738	0.5	0.5	0.5
254963	0.519367	0.520563	0.51817	0.5	0.5	0.5
254964	0.561171	0.565244	0.557084	0.5	0.5	0.5
254965	0.530342	0.532326	0.528354	0.5	0.5	0.5
254966	0.542979	0.545571	0.540382	0.5	0.5	0.5
254968	0.597101	0.603103	0.591056	0.5	0.5	0.5
254969	0.566646	0.570769	0.562505	0.5	0.5	0.5
254970	0.562658	0.567006	0.558293	0.5	0.5	0.5
254971	0.544292	0.547152	0.541425	0.5	0.5	0.5
254972	0.547414	0.550627	0.544193	0.5	0.5	0.5
254973	0.556257	0.559778	0.552736	0.5	0.5	0.5
254974	0.662377	0.672461	0.652114	0.5	0.5	0.5
254976	0.5739	0.578634	0.569144	0.5	0.5	0.5
254977	0.542977	0.545797	0.540154	0.5	0.5	0.5
254978	0.575561	0.580134	0.57097	0.5	0.5	0.5
254980	0.651398	0.649327	0.652508	0.271196	0.253612	0.290008
254981	0.50202	0.50223	0.50181	0.5	0.5	0.5
254982	0.521444	0.522962	0.519924	0.5	0.5	0.5
254983	0.526207	0.527934	0.524478	0.5	0.5	0.5
254984	0.552096	0.555612	0.548572	0.5	0.5	0.5
254985	0.544582	0.547426	0.541732	0.5	0.5	0.5
254987	0.520493	0.521716	0.51927	0.5	0.5	0.5
254988	0.552964	0.556328	0.549593	0.5	0.5	0.5
254989	0.582661	0.587951	0.577339	0.5	0.5	0.5
254990	0.543068	0.545842	0.540295	0.5	0.5	0.5
254993	0.531313	0.53334	0.529283	0.5	0.5	0.5
254994	0.542652	0.545391	0.53991	0.5	0.5	0.5
254996	0.513496	0.514322	0.512662	0.5	0.5	0.5
254997	0.52566	0.527309	0.524009	0.5	0.5	0.5
254998	0.5652	0.569603	0.560775	0.5	0.5	0.5
255000	0.577282	0.58236	0.57218	0.5	0.5	0.5
255001	0.5368	0.539132	0.534464	0.5	0.5	0.5
255002	0.529632	0.531645	0.527616	0.5	0.5	0.5
255003	0.555562	0.559078	0.552035	0.5	0.5	0.5
255004	0.552465	0.555992	0.548926	0.5	0.5	0.5
255005	0.536038	0.538502	0.533553	0.5	0.5	0.5
255006	0.538074	0.540577	0.535566	0.5	0.5	0.5
255007	0.562789	0.566601	0.558966	0.5	0.5	0.5
255008	0.568663	0.573035	0.564271	0.5	0.5	0.5
255009	0.547504	0.550249	0.544752	0.5	0.5	0.5
255010	0.547472	0.550281	0.544656	0.5	0.5	0.5
255012	0.580868	0.585912	0.575796	0.5	0.5	0.5
255013	0.530677	0.532545	0.528806	0.5	0.5	0.5
255014	0.550533	0.55375	0.547307	0.5	0.5	0.5
255015	0.541862	0.54436	0.539359	0.5	0.5	0.5
255016	0.601634	0.60827	0.594867	0.5	0.5	0.5
255017	0.554421	0.557991	0.550842	0.5	0.5	0.5
255018	0.546396	0.549236	0.543551	0.5	0.5	0.5
255019	0.540834	0.543446	0.538218	0.5	0.5	0.5
255020	0.519616	0.52086	0.518372	0.5	0.5	0.5
255021	0.618705	0.626242	0.611092	0.5	0.5	0.5
255022	0.570771	0.575085	0.566438	0.5	0.5	0.5
255023	0.524112	0.525643	0.522579	0.5	0.5	0.5
255024	0.583543	0.58852	0.57851	0.5	0.5	0.5
255025	0.538703	0.541187	0.536215	0.5	0.5	0.5
255026	0.53744	0.53999	0.534886	0.5	0.5	0.5
255027	0.528162	0.529948	0.526373	0.5	0.5	0.5
255028	0.589458	0.595201	0.58368	0.5	0.5	0.5
255029	0.551531	0.555076	0.547976	0.5	0.5	0.5
255031	0.565484	0.56995	0.560988	0.5	0.5	0.5
255032	0.541582	0.544149	0.539007	0.5	0.5	0.5
255033	0.61034	0.617097	0.603524	0.5	0.5	0.5
255034	0.553092	0.556513	0.549662	0.5	0.5	0.5
255035	0.535845	0.538096	0.533589	0.5	0.5	0.5
255037	0.526369	0.527892	0.524844	0.5	0.5	0.5
255038	0.554681	0.558189	0.551162	0.5	0.5	0.5
255039	0.511664	0.512485	0.510843	0.5	0.5	0.5
255040	0.596939	0.60301	0.590826	0.5	0.5	0.5
255041	0.569625	0.573983	0.565248	0.5	0.5	0.5
255042	0.586769	0.592702	0.580794	0.5	0.5	0.5
255043	0.560583	0.564759	0.556394	0.5	0.5	0.5
255044	0.577266	0.582617	0.571887	0.5	0.5	0.5
255045	0.528678	0.530436	0.526919	0.5	0.5	0.5
255046	0.537881	0.540334	0.535422	0.5	0.5	0.5
255047	0.545199	0.548006	0.542387	0.5	0.5	0.5
255048	0.583691	0.588888	0.578466	0.5	0.5	0.5
255050	0.567871	0.571886	0.563839	0.5	0.5	0.5
255051	0.535198	0.53756	0.53283	0.5	0.5	0.5
255052	0.567996	0.572278	0.563697	0.5	0.5	0.5
255053	0.547039	0.550065	0.544004	0.5	0.5	0.5
255054	0.657116	0.656543	0.657691	0.189261	0.173518	0.206313
255055	0.530192	0.532071	0.528309	0.5	0.5	0.5
255056	0.572269	0.576756	0.567761	0.5	0.5	0.5
255057	0.555091	0.558448	0.551723	0.5	0.5	0.5
255058	0.5282	0.529963	0.526434	0.5	0.5	0.5
255060	0.555918	0.559616	0.552206	0.5	0.5	0.5
255061	0.545278	0.548231	0.542315	0.5	0.5	0.5
255062	0.555217	0.559113	0.551308	0.5	0.5	0.5
255063	0.564707	0.568951	0.560443	0.5	0.5	0.5
255065	0.573319	0.577837	0.56878	0.5	0.5	0.5
255066	0.570446	0.575164	0.565707	0.5	0.5	0.5
255067	0.520182	0.521594	0.51877	0.5	0.5	0.5
255068	0.551038	0.554645	0.547421	0.5	0.5	0.5
255069	0.53001	0.531988	0.52803	0.5	0.5	0.5
255071	0.571258	0.57563	0.566871	0.5	0.5	0.5
255072	0.574318	0.579187	0.569426	0.5	0.5	0.5
255073	0.592202	0.598443	0.585917	0.5	0.5	0.5
255074	0.543841	0.546597	0.541077	0.5	0.5	0.5
255075	0.578064	0.582832	0.573275	0.5	0.5	0.5
255077	0.57606	0.580716	0.571381	0.5	0.5	0.5
255078	0.568522	0.57257	0.564457	0.5	0.5	0.5
255079	0.514728	0.515671	0.513784	0.5	0.5	0.5
255081	0.57787	0.582759	0.572959	0.5	0.5	0.5
255082	0.552282	0.555525	0.54903	0.5	0.5	0.5
255083	0.565657	0.569849	0.561446	0.5	0.5	0.5
255084	0.524768	0.526341	0.523193	0.5	0.5	0.5
255085	0.519346	0.520674	0.518016	0.5	0.5	0.5
255086	0.548893	0.551866	0.545913	0.5	0.5	0.5
255087	0.587086	0.592584	0.581554	0.5	0.5	0.5
255088	0.535501	0.537942	0.533055	0.5	0.5	0.5
255089	0.553375	0.55673	0.550012	0.5	0.5	0.5
255090	0.583109	0.588197	0.577988	0.5	0.5	0.5
255091	0.552458	0.555555	0.549351	0.5	0.5	0.5
255092	0.518927	0.520029	0.517824	0.5	0.5	0.5
255094	0.524925	0.526488	0.52336	0.5	0.5	0.5
255095	0.542234	0.545065	0.539399	0.5	0.5	0.5
255097	0.575227	0.579989	0.570444	0.5	0.5	0.5
255098	0.593717	0.599544	0.587848	0.5	0.5	0.5
