Dataset 	CL_b 	CL_b_up 	CL_b_do 	CL_s+b 	CL_s+b_up 	CL_s+b_do	  \\ 
254600	0.261355	0.261543	0.261168	0.220323	0.218024	0.222646
254601	0.533822	0.53367	0.533969	0.166605	0.15026	0.184251
254602	0.379379	0.380825	0.378206	0.102976	0.0922747	0.114807
254603	0.462538	0.467741	0.457086	0.209129	0.200714	0.217652
254604	0.301445	0.304294	0.298511	0.0202645	0.0165852	0.024732
254605	0.506358	0.510723	0.50193	0.00494954	0.00399722	0.00617242
254606	0.632973	0.630986	0.635065	0.1484	0.129666	0.169529
254607	0.403148	0.404433	0.401728	0.0185969	0.0146597	0.0235423
254608	0.539126	0.542159	0.535997	0.0048532	0.00380465	0.00624113
254609	0.694076	0.694116	0.694028	0.0195389	0.0152988	0.0250179
254610	0.850339	0.850117	0.849272	0.445443	0.41821	0.471425
254611	0.716744	0.715068	0.718368	0.00264746	0.00161778	0.00433387
254612	0.417274	0.419142	0.415387	0.0213263	0.0179013	0.0254602
254613	0.54794	0.549258	0.546475	0.0869868	0.0737591	0.102206
254614	0.58179	0.580221	0.583324	0.102006	0.0879593	0.118067
254615	0.632457	0.630992	0.633956	0.00462167	0.0032524	0.00660475
254617	0.620988	0.621217	0.6207	0.0086112	0.00629918	0.0117885
254618	0.291009	0.289712	0.292181	0.0318683	0.0270199	0.0375839
254619	0.64386	0.642436	0.645293	0.0128573	0.00995767	0.016721
254620	0.610057	0.610673	0.609402	0.114901	0.10035	0.131212
254621	0.39961	0.395153	0.405126	0.278192	0.265835	0.291797
254622	0.560816	0.559412	0.562338	0.0394013	0.0315425	0.0491411
254623	0.779045	0.780487	0.777273	0.292233	0.272911	0.312358
254625	0.544148	0.545638	0.542748	0.00544141	0.00388167	0.007653
254626	0.394886	0.396353	0.393322	0.0482892	0.0414001	0.0563117
254627	0.442665	0.446433	0.438593	0.180086	0.169187	0.191342
254628	0.516056	0.513868	0.518255	0.00213109	0.00144915	0.00315417
254629	0.712208	0.714829	0.709144	0.138726	0.121382	0.158015
254630	0.403211	0.405267	0.401017	0.0174324	0.0141633	0.0214687
254631	0.508541	0.507117	0.510132	0.0261039	0.0207573	0.0328103
254632	0.502528	0.503079	0.502808	0.339698	0.33149	0.348811
254633	0.557295	0.556614	0.558176	0.0985862	0.0868827	0.112
254634	0.640743	0.639872	0.641689	0.0159022	0.0117652	0.0214874
254635	0.465695	0.466099	0.46522	0.0833531	0.0716261	0.0967537
254636	0.185539	0.186117	0.185971	0.108822	0.105087	0.113225
254637	0.669653	0.671029	0.668395	0.0169788	0.0130184	0.0222106
254638	0.561889	0.560541	0.563305	0.000935486	0.000599026	0.00147233
254639	0.339249	0.339396	0.339338	0.14003	0.129376	0.151546
254641	0.794325	0.796243	0.791224	0.407973	0.386066	0.429023
254643	0.293057	0.292231	0.294246	0.140643	0.131901	0.150106
254644	0.564422	0.562501	0.566476	0.229564	0.211482	0.248875
254645	0.369207	0.3687	0.369505	0.00170109	0.00117539	0.00247463
254646	0.430592	0.431039	0.430165	0.000376975	0.000256426	0.000560358
254647	0.537756	0.534801	0.541105	0.0294222	0.0233051	0.0371524
254648	0.258394	0.256681	0.260517	0.073805	0.0653374	0.0834143
254649	0.476403	0.476312	0.47623	0.146624	0.132442	0.161958
254650	0.630933	0.632881	0.628899	0.129183	0.11433	0.145694
254651	0.496144	0.495607	0.496455	0.103925	0.0915908	0.11761
254652	0.600373	0.598466	0.602321	0.021744	0.0165689	0.0284707
254653	0.668571	0.667754	0.669371	0.347318	0.328595	0.366719
254654	0.456935	0.460023	0.453477	0.0711549	0.0621602	0.081326
254655	0.748871	0.749338	0.748414	0.0368674	0.0290908	0.0466961
254656	0.506417	0.504324	0.508537	0.0687905	0.0578908	0.0815315
254657	0.51191	0.514103	0.509717	0.0126953	0.00979727	0.0164956
254658	0.407694	0.407663	0.407757	0.168559	0.15606	0.181831
254659	0.416325	0.415484	0.417384	0.280313	0.272252	0.288725
254660	0.40965	0.410297	0.409061	0.10948	0.102122	0.117674
254661	0.633904	0.63758	0.63045	0.294775	0.282109	0.308275
254662	0.646153	0.645629	0.646279	0.340201	0.321882	0.358794
254663	0.429227	0.429694	0.42878	0.000796612	0.000536003	0.00119217
254665	0.51476	0.513676	0.515887	0.0141282	0.0109458	0.0182784
254666	0.605512	0.603612	0.607459	0.0738472	0.0627938	0.0867692
254667	0.391281	0.391839	0.390924	0.0059982	0.00446365	0.00807775
254669	0.593648	0.591514	0.59609	0.0757483	0.0642976	0.0892286
254670	0.499114	0.499237	0.498803	0.153018	0.140746	0.166111
254671	0.247511	0.253106	0.241919	0.00212767	0.0017091	0.00267341
254672	0.550814	0.550619	0.551037	0.0554505	0.0458532	0.0669137
254673	0.605812	0.600458	0.611283	0.128783	0.112583	0.147025
254674	0.325551	0.328187	0.323003	0.133618	0.127153	0.140518
254675	0.552398	0.555416	0.549372	0.5	0.5	0.5
254677	0.554677	0.558178	0.55115	0.5	0.5	0.5
254678	0.419251	0.420804	0.41753	0.206764	0.19729	0.216442
254679	0.528072	0.530173	0.525966	0.5	0.5	0.5
254680	0.560416	0.564289	0.55653	0.5	0.5	0.5
254681	0.530405	0.528646	0.532563	0.468457	0.46282	0.474489
254682	0.580101	0.585464	0.574719	0.5	0.5	0.5
254683	0.545221	0.548154	0.542285	0.5	0.5	0.5
254684	0.543979	0.544209	0.543728	0.22558	0.20956	0.242428
254685	0.57338	0.578141	0.568598	0.5	0.5	0.5
254686	0.587063	0.592203	0.581893	0.5	0.5	0.5
254687	0.477628	0.476882	0.47833	0.417463	0.412958	0.421947
254688	0.485334	0.486173	0.48456	0.342699	0.334939	0.350622
254690	0.363966	0.365784	0.362247	0.30768	0.305522	0.30996
254691	0.624056	0.631575	0.616451	0.5	0.5	0.5
254693	0.608567	0.615321	0.601759	0.5	0.5	0.5
254694	0.386821	0.387349	0.386264	0.345933	0.343894	0.347949
254695	0.528119	0.528712	0.527403	0.458172	0.454005	0.462226
254696	0.454492	0.454432	0.454675	0.236263	0.225414	0.247551
254697	0.539882	0.542447	0.537312	0.5	0.5	0.5
254698	0.551273	0.554476	0.548068	0.5	0.5	0.5
254699	0.559564	0.563217	0.555899	0.5	0.5	0.5
254700	0.549141	0.552251	0.546034	0.5	0.5	0.5
254701	0.664977	0.674302	0.6555	0.5	0.5	0.5
254702	0.552295	0.555572	0.549006	0.5	0.5	0.5
254703	0.5811	0.586247	0.575924	0.5	0.5	0.5
254704	0.44897	0.447502	0.450463	0.426036	0.422954	0.429145
254705	0.5307	0.532657	0.528741	0.5	0.5	0.5
254706	0.527907	0.528298	0.527954	0.467458	0.463944	0.47142
254707	0.555906	0.559573	0.552232	0.5	0.5	0.5
254708	0.621637	0.629191	0.613997	0.5	0.5	0.5
254709	0.59142	0.597143	0.58566	0.5	0.5	0.5
254710	0.667124	0.668159	0.657029	0.5	0.490282	0.5
254711	0.577746	0.582761	0.572697	0.5	0.5	0.5
254712	0.589647	0.595036	0.584236	0.5	0.5	0.5
254714	0.580066	0.585093	0.575014	0.5	0.5	0.5
254716	0.648257	0.657762	0.638589	0.5	0.5	0.5
254717	0.544537	0.547233	0.541835	0.5	0.5	0.5
254718	0.512859	0.513649	0.512067	0.5	0.5	0.5
254719	0.460606	0.460202	0.460244	0.443339	0.441828	0.444091
254720	0.465919	0.466016	0.465876	0.441991	0.440404	0.443633
254721	0.585085	0.590216	0.57993	0.5	0.5	0.5
254722	0.5791	0.584174	0.574001	0.5	0.5	0.5
254723	0.57074	0.575157	0.566299	0.5	0.5	0.5
254724	0.554672	0.557902	0.551427	0.5	0.5	0.5
254725	0.599265	0.60566	0.592823	0.5	0.5	0.5
254726	0.551363	0.554358	0.548359	0.5	0.5	0.5
254727	0.572831	0.577299	0.568342	0.5	0.5	0.5
254729	0.391932	0.39255	0.391259	0.349821	0.347821	0.351775
254731	0.521428	0.52298	0.519875	0.5	0.5	0.5
254733	0.592458	0.598243	0.586635	0.5	0.5	0.5
254734	0.564047	0.568119	0.559965	0.5	0.5	0.5
254735	0.246333	0.246925	0.245952	0.0639833	0.0578359	0.0708403
254736	0.54144	0.543227	0.538738	0.5	0.499084	0.5
254738	0.554953	0.558405	0.551492	0.5	0.5	0.5
254739	0.448541	0.445541	0.452027	0.396748	0.390338	0.403661
254740	0.525175	0.526817	0.52353	0.5	0.5	0.5
254742	0.552752	0.556302	0.549186	0.5	0.5	0.5
254743	0.563546	0.567441	0.559635	0.5	0.5	0.5
254744	0.469491	0.469269	0.469546	0.438563	0.436428	0.440535
254748	0.580836	0.585932	0.575714	0.5	0.5	0.5
254752	0.568308	0.572558	0.564041	0.5	0.5	0.5
254754	0.595603	0.594857	0.596285	0.0501264	0.0415104	0.0604953
254755	0.547745	0.550852	0.544634	0.5	0.5	0.5
254756	0.505356	0.505755	0.505659	0.434975	0.430951	0.439693
254757	0.514045	0.515301	0.511395	0.41874	0.413456	0.422713
254758	0.529774	0.529318	0.530376	0.451324	0.445844	0.456966
254759	0.655929	0.666163	0.645518	0.5	0.5	0.5
254760	0.527687	0.52941	0.525962	0.5	0.5	0.5
254761	0.553748	0.554548	0.552841	0.0165244	0.0127919	0.0213119
254762	0.41392	0.41418	0.4137	0.334457	0.329685	0.339315
254763	0.52455	0.526094	0.523003	0.5	0.5	0.5
254764	0.438514	0.439105	0.437517	0.311744	0.30448	0.318744
254765	0.536775	0.539227	0.534352	0.5	0.5	0.5
254766	0.536875	0.539234	0.534512	0.5	0.5	0.5
254767	0.530469	0.532658	0.528277	0.5	0.5	0.5
254768	0.5672	0.5715	0.562918	0.5	0.5	0.5
254769	0.542549	0.545351	0.539741	0.5	0.5	0.5
254772	0.484329	0.485121	0.483534	0.416198	0.412684	0.419724
254773	0.398904	0.398512	0.399414	0.332983	0.328293	0.33782
254774	0.476645	0.47538	0.478233	0.43554	0.431535	0.439873
254780	0.562242	0.566171	0.558303	0.5	0.5	0.5
254786	0.561943	0.565682	0.558188	0.5	0.5	0.5
254789	0.528684	0.530447	0.526917	0.5	0.5	0.5
254791	0.552329	0.555478	0.549172	0.5	0.5	0.5
254792	0.603444	0.609966	0.596873	0.5	0.5	0.5
254794	0.564485	0.568722	0.560233	0.5	0.5	0.5
254796	0.398779	0.398799	0.3988	0.334036	0.329544	0.338619
254797	0.652246	0.651924	0.652353	0.346254	0.327255	0.365668
254798	0.569167	0.573757	0.56456	0.5	0.5	0.5
254800	0.558208	0.561988	0.554418	0.5	0.5	0.5
254803	0.557257	0.561066	0.553439	0.5	0.5	0.5
254804	0.594135	0.600229	0.587938	0.5	0.5	0.5
254805	0.530904	0.532999	0.528808	0.5	0.5	0.5
254808	0.567533	0.571693	0.563358	0.5	0.5	0.5
254811	0.566203	0.570448	0.561944	0.5	0.5	0.5
254815	0.595365	0.601314	0.589378	0.5	0.5	0.5
254817	0.277676	0.277082	0.276877	0.251507	0.2494	0.252296
254822	0.555405	0.558893	0.5519	0.5	0.5	0.5
254823	0.549789	0.553016	0.546559	0.5	0.5	0.5
254824	0.599288	0.605732	0.592801	0.5	0.5	0.5
254828	0.525986	0.527647	0.524324	0.5	0.5	0.5
254829	0.583072	0.585923	0.582745	0.492751	0.489475	0.498602
254832	0.245242	0.245723	0.244741	0.19269	0.190117	0.195273
254833	0.527381	0.529332	0.525427	0.5	0.5	0.5
254834	0.564143	0.568278	0.559989	0.5	0.5	0.5
254837	0.564273	0.568191	0.560342	0.5	0.5	0.5
254839	0.544293	0.546918	0.541664	0.5	0.5	0.5
254841	0.346943	0.347351	0.346542	0.285289	0.281364	0.289268
254842	0.54112	0.543794	0.53844	0.5	0.5	0.5
254844	0.658421	0.657465	0.659435	0.258032	0.242033	0.275185
254845	0.564128	0.568075	0.560167	0.5	0.5	0.5
254846	0.535981	0.538291	0.53358	0.5	0.5	0.5
254847	0.584705	0.590045	0.579333	0.5	0.5	0.5
254849	0.25967	0.258513	0.258415	0.244266	0.242017	0.24418
254850	0.267882	0.268904	0.266744	0.242482	0.241863	0.242989
254851	0.538852	0.541495	0.536214	0.5	0.5	0.5
254855	0.557297	0.560859	0.553725	0.5	0.5	0.5
254856	0.576001	0.577243	0.576105	0.476733	0.472203	0.482635
254857	0.564257	0.568389	0.560115	0.5	0.5	0.5
254858	0.589241	0.595145	0.583298	0.5	0.5	0.5
254859	0.569336	0.573603	0.565054	0.5	0.5	0.5
254860	0.581877	0.587266	0.576458	0.5	0.5	0.5
254861	0.547638	0.546445	0.547125	0.465342	0.458955	0.470062
254862	0.573169	0.577671	0.568641	0.5	0.5	0.5
254863	0.551054	0.554267	0.547833	0.5	0.5	0.5
254864	0.556139	0.559714	0.552554	0.5	0.5	0.5
254865	0.565906	0.569933	0.561849	0.5	0.5	0.5
254866	0.561954	0.565816	0.558079	0.5	0.5	0.5
254867	0.502603	0.50251	0.502729	0.407446	0.401322	0.413642
254869	0.508704	0.509377	0.50803	0.5	0.5	0.5
254870	0.566076	0.570358	0.561778	0.5	0.5	0.5
254871	0.55695	0.56073	0.553152	0.5	0.5	0.5
254872	0.553186	0.552449	0.55327	0.47523	0.469111	0.480712
254873	0.530466	0.532445	0.528484	0.5	0.5	0.5
254874	0.589961	0.595601	0.584286	0.5	0.5	0.5
254875	0.562355	0.566639	0.558033	0.5	0.5	0.5
254876	0.555534	0.558951	0.552107	0.5	0.5	0.5
254877	0.403694	0.40458	0.402687	0.283924	0.278179	0.289696
254879	0.553532	0.55676	0.550193	0.5	0.5	0.5
254881	0.572868	0.576428	0.567931	0.5	0.498611	0.5
254882	0.430417	0.428415	0.432727	0.388652	0.384073	0.393549
254883	0.575822	0.581103	0.570501	0.5	0.5	0.5
254884	0.603444	0.603061	0.603891	0.332318	0.317092	0.348007
254885	0.548891	0.552056	0.545719	0.5	0.5	0.5
254886	0.484883	0.485562	0.482503	0.448311	0.446614	0.44833
254887	0.526662	0.527279	0.525104	0.417954	0.412035	0.422985
254888	0.566138	0.570348	0.561982	0.5	0.5	0.5
254889	0.523222	0.524771	0.521672	0.5	0.5	0.5
254890	0.533168	0.533585	0.533803	0.393649	0.385121	0.403311
254891	0.469427	0.469349	0.469385	0.420867	0.417988	0.423639
254892	0.57475	0.579099	0.570376	0.5	0.5	0.5
254893	0.502508	0.503594	0.501608	0.456606	0.454759	0.45864
254894	0.55316	0.556463	0.549841	0.5	0.5	0.5
254895	0.549597	0.552662	0.546526	0.5	0.5	0.5
254896	0.669961	0.669613	0.670226	0.456408	0.442419	0.470458
254897	0.569984	0.57442	0.565514	0.5	0.5	0.5
254898	0.577458	0.582226	0.572666	0.5	0.5	0.5
254899	0.552876	0.556185	0.549554	0.5	0.5	0.5
254900	0.535452	0.537603	0.533298	0.5	0.5	0.5
254901	0.373569	0.372457	0.374854	0.338006	0.334669	0.341525
254902	0.547501	0.547234	0.547037	0.494988	0.491193	0.498046
254903	0.569267	0.573766	0.564747	0.5	0.5	0.5
254905	0.537343	0.53985	0.534832	0.5	0.5	0.5
254906	0.573196	0.577717	0.568662	0.5	0.5	0.5
254907	0.533819	0.536039	0.531595	0.5	0.5	0.5
254908	0.595388	0.601387	0.589349	0.5	0.5	0.5
254909	0.560575	0.564366	0.556809	0.5	0.5	0.5
254910	0.699568	0.69667	0.702292	0.452043	0.431506	0.472891
254911	0.570458	0.575017	0.565864	0.5	0.5	0.5
254912	0.586887	0.592453	0.581292	0.5	0.5	0.5
254913	0.547562	0.550622	0.544496	0.5	0.5	0.5
254914	0.547568	0.550615	0.544513	0.5	0.5	0.5
254915	0.20969	0.207271	0.212549	0.184711	0.180753	0.189117
254916	0.581201	0.586257	0.576119	0.5	0.5	0.5
254917	0.576299	0.581322	0.571276	0.5	0.5	0.5
254918	0.560208	0.563974	0.556434	0.5	0.5	0.5
254919	0.565574	0.569971	0.561159	0.5	0.5	0.5
254920	0.279237	0.280654	0.277631	0.256462	0.256362	0.256379
254921	0.570487	0.574947	0.566011	0.5	0.5	0.5
254923	0.56963	0.573966	0.565262	0.5	0.5	0.5
254925	0.542685	0.545326	0.540039	0.5	0.5	0.5
254926	0.564894	0.568978	0.560793	0.5	0.5	0.5
254927	0.655945	0.655747	0.647995	0.497963	0.487196	0.5
254928	0.532306	0.534259	0.530351	0.5	0.5	0.5
254930	0.57558	0.580432	0.570707	0.5	0.5	0.5
254931	0.544353	0.544208	0.547091	0.484075	0.479967	0.490804
254932	0.585395	0.590612	0.580146	0.5	0.5	0.5
254933	0.576536	0.581321	0.571729	0.5	0.5	0.5
254934	0.561494	0.565406	0.55757	0.5	0.5	0.5
254935	0.568977	0.573203	0.564725	0.5	0.5	0.5
254936	0.51053	0.510741	0.510292	0.463381	0.460856	0.465883
254937	0.576233	0.581062	0.571383	0.5	0.5	0.5
254938	0.551255	0.554216	0.548286	0.5	0.5	0.5
254939	0.60936	0.615112	0.603553	0.5	0.5	0.5
254940	0.41428	0.413209	0.415508	0.381007	0.37796	0.384216
254941	0.495266	0.495157	0.495393	0.454019	0.451439	0.456622
254942	0.418114	0.420951	0.417374	0.154272	0.148936	0.160521
254943	0.526933	0.525389	0.528612	0.00201404	0.00131801	0.0030739
254944	0.31315	0.314713	0.311595	0.0262019	0.0220323	0.0311603
254946	0.521459	0.523149	0.519768	0.5	0.5	0.5
254947	0.267281	0.267458	0.267098	0.245799	0.244336	0.247264
254948	0.545858	0.548882	0.542828	0.5	0.5	0.5
254949	0.514047	0.515066	0.513027	0.5	0.5	0.5
254950	0.539976	0.54252	0.537438	0.5	0.5	0.5
254951	0.586053	0.591253	0.580825	0.5	0.5	0.5
254952	0.577241	0.58231	0.572141	0.5	0.5	0.5
254954	0.547767	0.550722	0.544805	0.5	0.5	0.5
254955	0.537714	0.536351	0.539023	0.468441	0.462646	0.474218
254956	0.445419	0.445325	0.445518	0.360203	0.354983	0.365463
254957	0.545082	0.54792	0.542238	0.5	0.5	0.5
254959	0.360576	0.36115	0.359948	0.289627	0.285981	0.293269
254960	0.577532	0.577459	0.577342	0.48321	0.476957	0.489221
254961	0.542917	0.546044	0.539781	0.5	0.5	0.5
254962	0.556288	0.559849	0.552714	0.5	0.5	0.5
254963	0.547269	0.550433	0.544096	0.5	0.5	0.5
254964	0.526397	0.525761	0.527109	0.45763	0.452402	0.462949
254965	0.503573	0.502974	0.502198	0.464102	0.460971	0.465273
254966	0.542561	0.545093	0.539994	0.5	0.5	0.5
254968	0.59499	0.594572	0.591005	0.497856	0.491219	0.5
254969	0.580225	0.585145	0.575284	0.5	0.5	0.5
254970	0.562017	0.566319	0.557701	0.5	0.5	0.5
254971	0.543965	0.546806	0.541118	0.5	0.5	0.5
254972	0.580858	0.586044	0.575634	0.5	0.5	0.5
254973	0.388207	0.388722	0.387637	0.303931	0.298977	0.308887
254974	0.579162	0.579164	0.579058	0.410483	0.399527	0.421468
254976	0.580686	0.585779	0.57548	0.5	0.5	0.5
254977	0.543637	0.546488	0.54078	0.5	0.5	0.5
254978	0.578982	0.583837	0.574123	0.5	0.5	0.5
254980	0.503402	0.500455	0.506345	0.124771	0.110248	0.141047
254981	0.0923328	0.092862	0.0917236	0.0884208	0.0886144	0.0881476
254982	0.523297	0.524938	0.521654	0.5	0.5	0.5
254983	0.532852	0.535012	0.530689	0.5	0.5	0.5
254984	0.554497	0.558147	0.550835	0.5	0.5	0.5
254985	0.539407	0.536202	0.536366	0.49244	0.486205	0.49241
254987	0.528241	0.529921	0.526564	0.5	0.5	0.5
254988	0.553368	0.55676	0.549973	0.5	0.5	0.5
254989	0.472064	0.47191	0.471226	0.385472	0.379829	0.390177
254990	0.543883	0.544506	0.541035	0.5	0.497779	0.5
254993	0.533269	0.535403	0.531132	0.5	0.5	0.5
254994	0.542574	0.545308	0.539834	0.5	0.5	0.5
254996	0.513165	0.513976	0.512353	0.5	0.5	0.5
254997	0.529297	0.531212	0.527378	0.5	0.5	0.5
254998	0.57557	0.580517	0.570602	0.5	0.5	0.5
255000	0.582423	0.587815	0.577003	0.5	0.5	0.5
255001	0.544185	0.546928	0.541459	0.5	0.5	0.5
255002	0.524343	0.523147	0.520831	0.49399	0.490748	0.492524
255003	0.555981	0.557141	0.555683	0.475183	0.471237	0.480016
255004	0.555273	0.558952	0.551585	0.5	0.5	0.5
255005	0.535724	0.538173	0.533271	0.5	0.5	0.5
255006	0.541028	0.543683	0.538369	0.5	0.5	0.5
255007	0.375251	0.374574	0.376067	0.298076	0.29277	0.303567
255008	0.572382	0.57698	0.567761	0.5	0.5	0.5
255009	0.553792	0.557019	0.550556	0.5	0.5	0.5
255010	0.549644	0.552586	0.546696	0.5	0.5	0.5
255012	0.580373	0.58539	0.575332	0.5	0.5	0.5
255013	0.538221	0.540586	0.535852	0.5	0.5	0.5
255014	0.552655	0.555986	0.549315	0.5	0.5	0.5
255015	0.541432	0.543898	0.538915	0.5	0.5	0.5
255016	0.603687	0.610466	0.596779	0.5	0.5	0.5
255017	0.554194	0.557746	0.550674	0.5	0.5	0.5
255018	0.547537	0.550432	0.544636	0.5	0.5	0.5
255019	0.447351	0.447809	0.446858	0.387435	0.384241	0.390608
255020	0.522763	0.524178	0.521347	0.5	0.5	0.5
255021	0.617346	0.624807	0.609808	0.5	0.5	0.5
255022	0.57693	0.581625	0.572216	0.5	0.5	0.5
255023	0.523857	0.525373	0.522341	0.5	0.5	0.5
255024	0.585292	0.590372	0.580177	0.5	0.5	0.5
255025	0.538511	0.540984	0.536035	0.5	0.5	0.5
255026	0.521719	0.523298	0.520542	0.479165	0.477919	0.480808
255027	0.527863	0.52963	0.526093	0.5	0.5	0.5
255028	0.596471	0.602674	0.590226	0.5	0.5	0.5
255029	0.554991	0.558759	0.551218	0.5	0.5	0.5
255031	0.564696	0.569113	0.560266	0.5	0.5	0.5
255032	0.540906	0.543434	0.538332	0.5	0.5	0.5
255033	0.609808	0.616567	0.602992	0.5	0.5	0.5
255034	0.55399	0.557471	0.550506	0.5	0.5	0.5
255035	0.549057	0.552115	0.545993	0.5	0.5	0.5
255037	0.528805	0.530506	0.527105	0.5	0.5	0.5
255038	0.554096	0.557585	0.550608	0.5	0.5	0.5
255039	0.121531	0.122449	0.120524	0.0808424	0.0794022	0.0822399
255040	0.597212	0.603293	0.591092	0.5	0.5	0.5
255041	0.571117	0.575609	0.56662	0.5	0.5	0.5
255042	0.566667	0.566951	0.565833	0.463999	0.457334	0.470153
255043	0.561662	0.565911	0.557395	0.5	0.5	0.5
255044	0.579094	0.584588	0.573571	0.5	0.5	0.5
255045	0.528377	0.530116	0.526635	0.5	0.5	0.5
255046	0.553477	0.557067	0.549877	0.5	0.5	0.5
255047	0.549459	0.552488	0.546424	0.5	0.5	0.5
255048	0.586308	0.591672	0.580916	0.5	0.5	0.5
255050	0.568447	0.572503	0.564376	0.5	0.5	0.5
255051	0.545716	0.548697	0.542729	0.5	0.5	0.5
255052	0.53244	0.532549	0.532296	0.461766	0.457395	0.466113
255053	0.547722	0.550807	0.544633	0.5	0.5	0.5
255054	0.800543	0.801179	0.799911	0.317147	0.296461	0.339003
255055	0.467314	0.467104	0.467134	0.429461	0.426897	0.431643
255056	0.571513	0.575958	0.567052	0.5	0.5	0.5
255057	0.555764	0.559143	0.552359	0.5	0.5	0.5
255058	0.534271	0.536437	0.532101	0.5	0.5	0.5
255060	0.498139	0.49762	0.498707	0.440465	0.436128	0.444863
255061	0.544469	0.547357	0.541563	0.5	0.5	0.5
255062	0.556588	0.56055	0.552615	0.5	0.5	0.5
255063	0.564359	0.568529	0.560066	0.5	0.5	0.5
